id,run_at,icao,forecast_date,high_f,low_f
1,2026-07-14T00:02:19Z,KATL,2026-07-13,82.1,72.8
2,2026-07-14T00:02:19Z,KATL,2026-07-14,79.5,71.3
3,2026-07-14T00:02:19Z,KATL,2026-07-15,83.4,70.4
4,2026-07-14T00:02:19Z,KATL,2026-07-16,77.8,72.4
5,2026-07-14T00:02:19Z,KATL,2026-07-17,92.0,73.1
6,2026-07-14T00:02:19Z,KATL,2026-07-18,93.1,74.2
7,2026-07-14T00:02:19Z,KATL,2026-07-19,95.1,76.7
8,2026-07-14T00:02:19Z,KAUS,2026-07-13,94.9,76.3
9,2026-07-14T00:02:19Z,KAUS,2026-07-14,79.0,73.8
10,2026-07-14T00:02:19Z,KAUS,2026-07-15,80.2,71.6
11,2026-07-14T00:02:19Z,KAUS,2026-07-16,72.7,69.4
12,2026-07-14T00:02:19Z,KAUS,2026-07-17,87.1,69.3
13,2026-07-14T00:02:19Z,KAUS,2026-07-18,92.1,73.2
14,2026-07-14T00:02:19Z,KAUS,2026-07-19,94.8,70.9
99,2026-07-14T00:02:19Z,KDCA,2026-07-13,87.4,65.5
100,2026-07-14T00:02:19Z,KDCA,2026-07-14,92.6,67.8
101,2026-07-14T00:02:19Z,KDCA,2026-07-15,101.8,71.7
102,2026-07-14T00:02:19Z,KDCA,2026-07-16,99.4,79.1
103,2026-07-14T00:02:19Z,KDCA,2026-07-17,97.1,74.6
104,2026-07-14T00:02:19Z,KDCA,2026-07-18,92.1,73.5
105,2026-07-14T00:02:19Z,KDCA,2026-07-19,84.9,74.2
29,2026-07-14T00:02:19Z,KDEN,2026-07-13,96.0,64.5
30,2026-07-14T00:02:19Z,KDEN,2026-07-14,93.6,67.1
31,2026-07-14T00:02:19Z,KDEN,2026-07-15,94.4,67.6
32,2026-07-14T00:02:19Z,KDEN,2026-07-16,94.4,66.5
33,2026-07-14T00:02:19Z,KDEN,2026-07-17,94.4,66.1
34,2026-07-14T00:02:19Z,KDEN,2026-07-18,94.7,62.5
35,2026-07-14T00:02:19Z,KDEN,2026-07-19,99.1,66.9
22,2026-07-14T00:02:19Z,KDFW,2026-07-13,87.6,72.1
23,2026-07-14T00:02:19Z,KDFW,2026-07-14,85.5,75.2
24,2026-07-14T00:02:19Z,KDFW,2026-07-15,89.7,71.9
25,2026-07-14T00:02:19Z,KDFW,2026-07-16,81.4,75.3
26,2026-07-14T00:02:19Z,KDFW,2026-07-17,81.6,73.1
27,2026-07-14T00:02:19Z,KDFW,2026-07-18,94.7,76.4
28,2026-07-14T00:02:19Z,KDFW,2026-07-19,97.4,77.4
36,2026-07-14T00:02:19Z,KLAS,2026-07-13,100.9,88.7
37,2026-07-14T00:02:19Z,KLAS,2026-07-14,106.3,81.6
38,2026-07-14T00:02:19Z,KLAS,2026-07-15,108.2,82.7
39,2026-07-14T00:02:19Z,KLAS,2026-07-16,107.5,91.6
40,2026-07-14T00:02:19Z,KLAS,2026-07-17,101.9,89.1
41,2026-07-14T00:02:19Z,KLAS,2026-07-18,101.5,85.2
42,2026-07-14T00:02:19Z,KLAS,2026-07-19,105.3,90.4
43,2026-07-14T00:02:19Z,KLAX,2026-07-13,75.6,65.2
44,2026-07-14T00:02:19Z,KLAX,2026-07-14,73.7,63.2
45,2026-07-14T00:02:19Z,KLAX,2026-07-15,82.9,59.7
46,2026-07-14T00:02:19Z,KLAX,2026-07-16,84.2,73.4
47,2026-07-14T00:02:19Z,KLAX,2026-07-17,79.7,70.3
48,2026-07-14T00:02:19Z,KLAX,2026-07-18,77.9,69.8
49,2026-07-14T00:02:19Z,KLAX,2026-07-19,77.0,69.0
15,2026-07-14T00:02:19Z,KMDW,2026-07-13,92.5,67.6
16,2026-07-14T00:02:19Z,KMDW,2026-07-14,98.5,71.9
17,2026-07-14T00:02:19Z,KMDW,2026-07-15,97.2,73.1
18,2026-07-14T00:02:19Z,KMDW,2026-07-16,96.6,76.8
19,2026-07-14T00:02:19Z,KMDW,2026-07-17,91.8,74.9
20,2026-07-14T00:02:19Z,KMDW,2026-07-18,88.5,72.7
21,2026-07-14T00:02:19Z,KMDW,2026-07-19,77.9,67.7
50,2026-07-14T00:02:19Z,KMIA,2026-07-13,93.1,79.9
51,2026-07-14T00:02:19Z,KMIA,2026-07-14,92.5,76.1
52,2026-07-14T00:02:19Z,KMIA,2026-07-15,93.9,77.4
53,2026-07-14T00:02:19Z,KMIA,2026-07-16,95.1,84.7
54,2026-07-14T00:02:19Z,KMIA,2026-07-17,94.8,84.5
55,2026-07-14T00:02:19Z,KMIA,2026-07-18,92.7,84.3
56,2026-07-14T00:02:19Z,KMIA,2026-07-19,93.0,84.1
57,2026-07-14T00:02:19Z,KMSY,2026-07-13,82.9,74.9
58,2026-07-14T00:02:19Z,KMSY,2026-07-14,79.6,72.9
59,2026-07-14T00:02:19Z,KMSY,2026-07-15,89.9,72.4
60,2026-07-14T00:02:19Z,KMSY,2026-07-16,98.0,73.0
61,2026-07-14T00:02:19Z,KMSY,2026-07-17,94.1,74.1
62,2026-07-14T00:02:19Z,KMSY,2026-07-18,93.4,74.6
63,2026-07-14T00:02:19Z,KMSY,2026-07-19,91.1,73.4
64,2026-07-14T00:02:19Z,KNYC,2026-07-13,85.8,67.1
65,2026-07-14T00:02:19Z,KNYC,2026-07-14,96.0,67.9
66,2026-07-14T00:02:19Z,KNYC,2026-07-15,102.8,75.2
67,2026-07-14T00:02:19Z,KNYC,2026-07-16,97.0,79.0
68,2026-07-14T00:02:19Z,KNYC,2026-07-17,93.9,76.5
69,2026-07-14T00:02:19Z,KNYC,2026-07-18,80.1,71.8
70,2026-07-14T00:02:19Z,KNYC,2026-07-19,86.5,72.9
71,2026-07-14T00:02:19Z,KOKC,2026-07-13,89.6,71.3
72,2026-07-14T00:02:19Z,KOKC,2026-07-14,93.0,72.8
73,2026-07-14T00:02:19Z,KOKC,2026-07-15,90.4,72.9
74,2026-07-14T00:02:19Z,KOKC,2026-07-16,92.7,70.5
75,2026-07-14T00:02:19Z,KOKC,2026-07-17,88.2,70.5
76,2026-07-14T00:02:19Z,KOKC,2026-07-18,95.0,70.5
77,2026-07-14T00:02:19Z,KOKC,2026-07-19,100.7,74.7
78,2026-07-14T00:02:19Z,KPHL,2026-07-13,84.0,66.7
79,2026-07-14T00:02:19Z,KPHL,2026-07-14,91.3,66.5
80,2026-07-14T00:02:19Z,KPHL,2026-07-15,100.1,70.3
81,2026-07-14T00:02:19Z,KPHL,2026-07-16,97.0,78.5
82,2026-07-14T00:02:19Z,KPHL,2026-07-17,93.8,76.1
83,2026-07-14T00:02:19Z,KPHL,2026-07-18,86.8,71.8
84,2026-07-14T00:02:19Z,KPHL,2026-07-19,91.2,73.3
85,2026-07-14T00:02:19Z,KSAT,2026-07-13,92.1,75.9
86,2026-07-14T00:02:19Z,KSAT,2026-07-14,79.9,73.6
87,2026-07-14T00:02:19Z,KSAT,2026-07-15,76.3,71.1
88,2026-07-14T00:02:19Z,KSAT,2026-07-16,73.8,69.3
89,2026-07-14T00:02:19Z,KSAT,2026-07-17,83.5,70.0
90,2026-07-14T00:02:19Z,KSAT,2026-07-18,88.5,72.5
91,2026-07-14T00:02:19Z,KSAT,2026-07-19,92.6,72.3
92,2026-07-14T00:02:19Z,KSFO,2026-07-13,88.3,59.2
93,2026-07-14T00:02:19Z,KSFO,2026-07-14,77.2,57.0
94,2026-07-14T00:02:19Z,KSFO,2026-07-15,70.3,51.8
95,2026-07-14T00:02:19Z,KSFO,2026-07-16,66.5,56.3
96,2026-07-14T00:02:19Z,KSFO,2026-07-17,67.4,56.3
97,2026-07-14T00:02:19Z,KSFO,2026-07-18,69.4,56.4
98,2026-07-14T00:02:19Z,KSFO,2026-07-19,68.5,56.3
1,2026-07-14T03:21:13Z,KATL,2026-07-13,82.1,72.8
2,2026-07-14T03:21:13Z,KATL,2026-07-14,80.3,71.6
3,2026-07-14T03:21:13Z,KATL,2026-07-15,88.3,71.4
4,2026-07-14T03:21:13Z,KATL,2026-07-16,77.8,72.4
5,2026-07-14T03:21:13Z,KATL,2026-07-17,92.0,73.1
6,2026-07-14T03:21:13Z,KATL,2026-07-18,93.1,74.2
7,2026-07-14T03:21:13Z,KATL,2026-07-19,95.1,76.7
8,2026-07-14T03:21:13Z,KAUS,2026-07-13,94.9,76.6
9,2026-07-14T03:21:13Z,KAUS,2026-07-14,82.7,73.3
10,2026-07-14T03:21:13Z,KAUS,2026-07-15,80.3,71.6
11,2026-07-14T03:21:13Z,KAUS,2026-07-16,72.7,69.4
12,2026-07-14T03:21:13Z,KAUS,2026-07-17,87.1,69.3
13,2026-07-14T03:21:13Z,KAUS,2026-07-18,92.1,73.2
14,2026-07-14T03:21:13Z,KAUS,2026-07-19,94.8,70.9
15,2026-07-14T03:21:13Z,KBOS,2026-07-13,85.4,62.2
16,2026-07-14T03:21:13Z,KBOS,2026-07-14,97.5,69.7
17,2026-07-14T03:21:13Z,KBOS,2026-07-15,92.7,77.2
18,2026-07-14T03:21:13Z,KBOS,2026-07-16,89.1,66.2
19,2026-07-14T03:21:13Z,KBOS,2026-07-17,83.0,65.0
20,2026-07-14T03:21:13Z,KBOS,2026-07-18,78.6,64.6
21,2026-07-14T03:21:13Z,KBOS,2026-07-19,84.9,69.1
106,2026-07-14T03:21:13Z,KDCA,2026-07-13,87.4,65.5
107,2026-07-14T03:21:13Z,KDCA,2026-07-14,93.6,67.5
108,2026-07-14T03:21:13Z,KDCA,2026-07-15,104.0,71.8
109,2026-07-14T03:21:13Z,KDCA,2026-07-16,99.4,79.1
110,2026-07-14T03:21:13Z,KDCA,2026-07-17,97.1,74.6
111,2026-07-14T03:21:13Z,KDCA,2026-07-18,92.1,73.5
112,2026-07-14T03:21:13Z,KDCA,2026-07-19,84.9,74.2
29,2026-07-14T03:21:13Z,KDEN,2026-07-13,95.9,64.5
30,2026-07-14T03:21:13Z,KDEN,2026-07-14,93.7,68.1
31,2026-07-14T03:21:13Z,KDEN,2026-07-15,92.7,67.2
32,2026-07-14T03:21:13Z,KDEN,2026-07-16,94.4,66.5
33,2026-07-14T03:21:13Z,KDEN,2026-07-17,94.4,66.1
34,2026-07-14T03:21:13Z,KDEN,2026-07-18,94.7,62.5
35,2026-07-14T03:21:13Z,KDEN,2026-07-19,99.1,66.9
22,2026-07-14T03:21:13Z,KDFW,2026-07-13,87.6,72.1
23,2026-07-14T03:21:13Z,KDFW,2026-07-14,86.5,75.9
24,2026-07-14T03:21:13Z,KDFW,2026-07-15,87.3,73.0
25,2026-07-14T03:21:13Z,KDFW,2026-07-16,81.4,75.3
26,2026-07-14T03:21:13Z,KDFW,2026-07-17,81.6,73.1
27,2026-07-14T03:21:13Z,KDFW,2026-07-18,94.7,76.4
28,2026-07-14T03:21:13Z,KDFW,2026-07-19,97.4,77.4
36,2026-07-14T03:21:13Z,KLAS,2026-07-13,101.3,88.7
37,2026-07-14T03:21:13Z,KLAS,2026-07-14,103.8,80.9
38,2026-07-14T03:21:13Z,KLAS,2026-07-15,108.2,82.3
39,2026-07-14T03:21:13Z,KLAS,2026-07-16,107.5,91.6
40,2026-07-14T03:21:13Z,KLAS,2026-07-17,101.9,89.1
41,2026-07-14T03:21:13Z,KLAS,2026-07-18,101.5,85.2
42,2026-07-14T03:21:13Z,KLAS,2026-07-19,105.3,90.4
43,2026-07-14T03:21:13Z,KLAX,2026-07-13,75.6,65.9
44,2026-07-14T03:21:13Z,KLAX,2026-07-14,73.5,64.3
45,2026-07-14T03:21:13Z,KLAX,2026-07-15,80.8,60.5
46,2026-07-14T03:21:13Z,KLAX,2026-07-16,84.2,73.4
47,2026-07-14T03:21:13Z,KLAX,2026-07-17,79.7,70.3
48,2026-07-14T03:21:13Z,KLAX,2026-07-18,77.9,69.8
49,2026-07-14T03:21:13Z,KLAX,2026-07-19,77.0,69.0
50,2026-07-14T03:21:13Z,KMIA,2026-07-13,93.1,79.9
51,2026-07-14T03:21:13Z,KMIA,2026-07-14,93.4,76.7
52,2026-07-14T03:21:13Z,KMIA,2026-07-15,92.8,75.4
53,2026-07-14T03:21:13Z,KMIA,2026-07-16,95.1,84.7
54,2026-07-14T03:21:13Z,KMIA,2026-07-17,94.8,84.5
55,2026-07-14T03:21:13Z,KMIA,2026-07-18,92.7,84.3
56,2026-07-14T03:21:13Z,KMIA,2026-07-19,93.0,84.1
57,2026-07-14T03:21:13Z,KMSP,2026-07-13,90.5,71.0
58,2026-07-14T03:21:13Z,KMSP,2026-07-14,97.1,69.5
59,2026-07-14T03:21:13Z,KMSP,2026-07-15,100.5,71.7
60,2026-07-14T03:21:13Z,KMSP,2026-07-16,97.2,75.5
61,2026-07-14T03:21:13Z,KMSP,2026-07-17,100.5,74.0
62,2026-07-14T03:21:13Z,KMSP,2026-07-18,92.2,74.4
63,2026-07-14T03:21:13Z,KMSP,2026-07-19,87.3,67.4
64,2026-07-14T03:21:13Z,KNYC,2026-07-13,85.8,67.1
65,2026-07-14T03:21:13Z,KNYC,2026-07-14,97.7,69.0
66,2026-07-14T03:21:13Z,KNYC,2026-07-15,97.8,76.9
67,2026-07-14T03:21:13Z,KNYC,2026-07-16,97.0,79.0
68,2026-07-14T03:21:13Z,KNYC,2026-07-17,93.9,76.5
69,2026-07-14T03:21:13Z,KNYC,2026-07-18,80.1,71.8
70,2026-07-14T03:21:13Z,KNYC,2026-07-19,86.5,72.9
71,2026-07-14T03:21:13Z,KOKC,2026-07-13,89.6,71.3
72,2026-07-14T03:21:13Z,KOKC,2026-07-14,93.0,72.4
73,2026-07-14T03:21:13Z,KOKC,2026-07-15,90.5,72.9
74,2026-07-14T03:21:13Z,KOKC,2026-07-16,92.7,70.5
75,2026-07-14T03:21:13Z,KOKC,2026-07-17,88.2,70.5
76,2026-07-14T03:21:13Z,KOKC,2026-07-18,95.0,70.5
77,2026-07-14T03:21:13Z,KOKC,2026-07-19,100.7,74.7
78,2026-07-14T03:21:13Z,KPHL,2026-07-13,84.0,66.7
79,2026-07-14T03:21:13Z,KPHL,2026-07-14,92.1,66.9
80,2026-07-14T03:21:13Z,KPHL,2026-07-15,99.3,70.5
81,2026-07-14T03:21:13Z,KPHL,2026-07-16,97.0,78.5
82,2026-07-14T03:21:13Z,KPHL,2026-07-17,93.8,76.1
83,2026-07-14T03:21:13Z,KPHL,2026-07-18,86.8,71.8
84,2026-07-14T03:21:13Z,KPHL,2026-07-19,91.2,73.3
85,2026-07-14T03:21:13Z,KPHX,2026-07-13,106.4,81.3
86,2026-07-14T03:21:13Z,KPHX,2026-07-14,108.4,79.0
87,2026-07-14T03:21:13Z,KPHX,2026-07-15,106.7,86.1
88,2026-07-14T03:21:13Z,KPHX,2026-07-16,97.7,86.7
89,2026-07-14T03:21:13Z,KPHX,2026-07-17,92.3,81.0
90,2026-07-14T03:21:13Z,KPHX,2026-07-18,99.7,85.3
91,2026-07-14T03:21:13Z,KPHX,2026-07-19,101.8,88.4
92,2026-07-14T03:21:13Z,KSAT,2026-07-13,92.1,77.8
93,2026-07-14T03:21:13Z,KSAT,2026-07-14,79.9,74.6
94,2026-07-14T03:21:13Z,KSAT,2026-07-15,77.1,71.1
95,2026-07-14T03:21:13Z,KSAT,2026-07-16,73.8,69.3
96,2026-07-14T03:21:13Z,KSAT,2026-07-17,83.5,70.0
97,2026-07-14T03:21:13Z,KSAT,2026-07-18,88.5,72.5
98,2026-07-14T03:21:13Z,KSAT,2026-07-19,92.6,72.3
99,2026-07-14T03:21:13Z,KSEA,2026-07-13,77.9,52.5
100,2026-07-14T03:21:13Z,KSEA,2026-07-14,82.5,56.8
101,2026-07-14T03:21:13Z,KSEA,2026-07-15,85.3,60.0
102,2026-07-14T03:21:13Z,KSEA,2026-07-16,91.2,59.3
103,2026-07-14T03:21:13Z,KSEA,2026-07-17,84.7,56.6
104,2026-07-14T03:21:13Z,KSEA,2026-07-18,81.0,55.0
105,2026-07-14T03:21:13Z,KSEA,2026-07-19,81.0,54.5
1,2026-07-14T05:54:21Z,KATL,2026-07-14,76.9,71.2
2,2026-07-14T05:54:21Z,KATL,2026-07-15,88.3,71.4
3,2026-07-14T05:54:21Z,KATL,2026-07-16,85.3,72.6
4,2026-07-14T05:54:21Z,KATL,2026-07-17,92.2,73.6
5,2026-07-14T05:54:21Z,KATL,2026-07-18,94.0,74.9
6,2026-07-14T05:54:21Z,KATL,2026-07-19,93.8,76.8
7,2026-07-14T05:54:21Z,KATL,2026-07-20,97.1,74.4
8,2026-07-14T05:54:21Z,KAUS,2026-07-14,82.3,74.1
9,2026-07-14T05:54:21Z,KAUS,2026-07-15,80.4,72.7
10,2026-07-14T05:54:21Z,KAUS,2026-07-16,74.3,71.6
11,2026-07-14T05:54:21Z,KAUS,2026-07-17,84.7,70.9
12,2026-07-14T05:54:21Z,KAUS,2026-07-18,92.3,73.6
13,2026-07-14T05:54:21Z,KAUS,2026-07-19,94.8,71.0
14,2026-07-14T05:54:21Z,KAUS,2026-07-20,93.7,70.6
15,2026-07-14T05:54:21Z,KBOS,2026-07-14,97.1,69.3
16,2026-07-14T05:54:21Z,KBOS,2026-07-15,92.7,75.6
17,2026-07-14T05:54:21Z,KBOS,2026-07-16,89.4,65.9
18,2026-07-14T05:54:21Z,KBOS,2026-07-17,81.5,65.0
19,2026-07-14T05:54:21Z,KBOS,2026-07-18,79.9,63.9
20,2026-07-14T05:54:21Z,KBOS,2026-07-19,87.6,68.4
21,2026-07-14T05:54:21Z,KBOS,2026-07-20,82.3,69.5
106,2026-07-14T05:54:21Z,KDCA,2026-07-14,93.5,66.0
107,2026-07-14T05:54:21Z,KDCA,2026-07-15,104.0,71.8
108,2026-07-14T05:54:21Z,KDCA,2026-07-16,100.0,79.5
109,2026-07-14T05:54:21Z,KDCA,2026-07-17,97.5,75.5
110,2026-07-14T05:54:21Z,KDCA,2026-07-18,86.5,73.2
111,2026-07-14T05:54:21Z,KDCA,2026-07-19,88.3,73.4
112,2026-07-14T05:54:21Z,KDCA,2026-07-20,95.8,72.3
29,2026-07-14T05:54:21Z,KDEN,2026-07-13,95.9,64.5
30,2026-07-14T05:54:21Z,KDEN,2026-07-14,94.0,65.6
31,2026-07-14T05:54:21Z,KDEN,2026-07-15,92.7,67.2
32,2026-07-14T05:54:21Z,KDEN,2026-07-16,93.7,66.1
33,2026-07-14T05:54:21Z,KDEN,2026-07-17,94.9,66.8
34,2026-07-14T05:54:21Z,KDEN,2026-07-18,97.1,67.2
35,2026-07-14T05:54:21Z,KDEN,2026-07-19,100.7,66.5
22,2026-07-14T05:54:21Z,KDFW,2026-07-14,86.5,75.7
23,2026-07-14T05:54:21Z,KDFW,2026-07-15,87.5,73.0
24,2026-07-14T05:54:21Z,KDFW,2026-07-16,83.4,76.0
25,2026-07-14T05:54:21Z,KDFW,2026-07-17,86.6,72.9
26,2026-07-14T05:54:21Z,KDFW,2026-07-18,95.8,77.4
27,2026-07-14T05:54:21Z,KDFW,2026-07-19,97.2,77.6
28,2026-07-14T05:54:21Z,KDFW,2026-07-20,98.1,80.0
36,2026-07-14T05:54:21Z,KIAH,2026-07-14,81.7,74.5
37,2026-07-14T05:54:21Z,KIAH,2026-07-15,85.1,75.6
38,2026-07-14T05:54:21Z,KIAH,2026-07-16,83.8,74.6
39,2026-07-14T05:54:21Z,KIAH,2026-07-17,91.9,76.2
40,2026-07-14T05:54:21Z,KIAH,2026-07-18,94.8,77.3
41,2026-07-14T05:54:21Z,KIAH,2026-07-19,95.8,77.6
42,2026-07-14T05:54:21Z,KIAH,2026-07-20,96.6,78.5
43,2026-07-14T05:54:21Z,KLAX,2026-07-13,75.6,65.9
44,2026-07-14T05:54:21Z,KLAX,2026-07-14,75.1,64.6
45,2026-07-14T05:54:21Z,KLAX,2026-07-15,80.8,60.5
46,2026-07-14T05:54:21Z,KLAX,2026-07-16,83.8,72.8
47,2026-07-14T05:54:21Z,KLAX,2026-07-17,79.1,70.1
48,2026-07-14T05:54:21Z,KLAX,2026-07-18,79.8,70.1
49,2026-07-14T05:54:21Z,KLAX,2026-07-19,77.8,69.8
50,2026-07-14T05:54:21Z,KMIA,2026-07-14,93.7,76.1
51,2026-07-14T05:54:21Z,KMIA,2026-07-15,92.8,75.4
52,2026-07-14T05:54:21Z,KMIA,2026-07-16,95.7,84.7
53,2026-07-14T05:54:21Z,KMIA,2026-07-17,94.4,85.1
54,2026-07-14T05:54:21Z,KMIA,2026-07-18,92.6,85.1
55,2026-07-14T05:54:21Z,KMIA,2026-07-19,93.1,83.8
56,2026-07-14T05:54:21Z,KMIA,2026-07-20,93.5,83.8
57,2026-07-14T05:54:21Z,KMSP,2026-07-14,97.1,68.5
58,2026-07-14T05:54:21Z,KMSP,2026-07-15,100.5,71.7
59,2026-07-14T05:54:21Z,KMSP,2026-07-16,97.8,76.0
60,2026-07-14T05:54:21Z,KMSP,2026-07-17,99.4,72.9
61,2026-07-14T05:54:21Z,KMSP,2026-07-18,95.3,74.6
62,2026-07-14T05:54:21Z,KMSP,2026-07-19,99.5,75.1
63,2026-07-14T05:54:21Z,KMSP,2026-07-20,99.0,76.9
64,2026-07-14T05:54:21Z,KMSY,2026-07-14,79.2,73.0
65,2026-07-14T05:54:21Z,KMSY,2026-07-15,88.9,74.5
66,2026-07-14T05:54:21Z,KMSY,2026-07-16,96.2,72.3
67,2026-07-14T05:54:21Z,KMSY,2026-07-17,94.1,73.4
68,2026-07-14T05:54:21Z,KMSY,2026-07-18,95.7,75.9
69,2026-07-14T05:54:21Z,KMSY,2026-07-19,94.9,73.9
70,2026-07-14T05:54:21Z,KMSY,2026-07-20,95.7,72.8
71,2026-07-14T05:54:21Z,KNYC,2026-07-14,97.5,69.1
72,2026-07-14T05:54:21Z,KNYC,2026-07-15,97.8,76.9
73,2026-07-14T05:54:21Z,KNYC,2026-07-16,98.8,79.5
74,2026-07-14T05:54:21Z,KNYC,2026-07-17,92.3,76.7
75,2026-07-14T05:54:21Z,KNYC,2026-07-18,81.0,70.4
76,2026-07-14T05:54:21Z,KNYC,2026-07-19,93.6,71.8
77,2026-07-14T05:54:21Z,KNYC,2026-07-20,88.4,74.7
78,2026-07-14T05:54:21Z,KOKC,2026-07-14,93.0,71.9
79,2026-07-14T05:54:21Z,KOKC,2026-07-15,90.5,73.8
80,2026-07-14T05:54:21Z,KOKC,2026-07-16,94.1,70.5
81,2026-07-14T05:54:21Z,KOKC,2026-07-17,90.5,69.6
82,2026-07-14T05:54:21Z,KOKC,2026-07-18,94.8,70.7
83,2026-07-14T05:54:21Z,KOKC,2026-07-19,101.0,75.6
84,2026-07-14T05:54:21Z,KOKC,2026-07-20,101.8,76.6
85,2026-07-14T05:54:21Z,KPHL,2026-07-14,92.3,67.0
86,2026-07-14T05:54:21Z,KPHL,2026-07-15,99.3,70.5
87,2026-07-14T05:54:21Z,KPHL,2026-07-16,97.6,79.6
88,2026-07-14T05:54:21Z,KPHL,2026-07-17,92.5,75.8
89,2026-07-14T05:54:21Z,KPHL,2026-07-18,80.5,72.0
90,2026-07-14T05:54:21Z,KPHL,2026-07-19,91.4,72.0
91,2026-07-14T05:54:21Z,KPHL,2026-07-20,93.1,74.7
92,2026-07-14T05:54:21Z,KSAT,2026-07-14,82.6,73.3
93,2026-07-14T05:54:21Z,KSAT,2026-07-15,77.3,72.0
94,2026-07-14T05:54:21Z,KSAT,2026-07-16,72.1,70.2
95,2026-07-14T05:54:21Z,KSAT,2026-07-17,87.1,70.5
96,2026-07-14T05:54:21Z,KSAT,2026-07-18,87.8,73.4
97,2026-07-14T05:54:21Z,KSAT,2026-07-19,93.6,72.4
98,2026-07-14T05:54:21Z,KSAT,2026-07-20,89.8,72.6
99,2026-07-14T05:54:21Z,KSEA,2026-07-13,77.9,52.5
100,2026-07-14T05:54:21Z,KSEA,2026-07-14,82.5,56.5
101,2026-07-14T05:54:21Z,KSEA,2026-07-15,85.5,60.0
102,2026-07-14T05:54:21Z,KSEA,2026-07-16,88.3,59.0
103,2026-07-14T05:54:21Z,KSEA,2026-07-17,82.5,57.0
104,2026-07-14T05:54:21Z,KSEA,2026-07-18,76.8,54.6
105,2026-07-14T05:54:21Z,KSEA,2026-07-19,79.7,54.3
1,2026-07-14T08:22:59Z,KATL,2026-07-14,76.5,71.0
2,2026-07-14T08:22:59Z,KATL,2026-07-15,85.6,70.5
3,2026-07-14T08:22:59Z,KATL,2026-07-16,85.3,72.6
4,2026-07-14T08:22:59Z,KATL,2026-07-17,92.2,73.6
5,2026-07-14T08:22:59Z,KATL,2026-07-18,94.0,74.9
6,2026-07-14T08:22:59Z,KATL,2026-07-19,93.8,76.8
7,2026-07-14T08:22:59Z,KATL,2026-07-20,97.1,74.4
8,2026-07-14T08:22:59Z,KAUS,2026-07-14,80.8,74.6
9,2026-07-14T08:22:59Z,KAUS,2026-07-15,80.6,72.0
10,2026-07-14T08:22:59Z,KAUS,2026-07-16,74.3,71.6
11,2026-07-14T08:22:59Z,KAUS,2026-07-17,84.7,70.9
12,2026-07-14T08:22:59Z,KAUS,2026-07-18,92.3,73.6
13,2026-07-14T08:22:59Z,KAUS,2026-07-19,94.8,71.0
14,2026-07-14T08:22:59Z,KAUS,2026-07-20,93.7,70.6
15,2026-07-14T08:22:59Z,KBOS,2026-07-14,96.7,69.9
16,2026-07-14T08:22:59Z,KBOS,2026-07-15,93.0,74.6
17,2026-07-14T08:22:59Z,KBOS,2026-07-16,89.4,65.9
18,2026-07-14T08:22:59Z,KBOS,2026-07-17,81.5,65.0
19,2026-07-14T08:22:59Z,KBOS,2026-07-18,79.9,63.9
20,2026-07-14T08:22:59Z,KBOS,2026-07-19,87.6,68.4
21,2026-07-14T08:22:59Z,KBOS,2026-07-20,82.3,69.5
113,2026-07-14T08:22:59Z,KDCA,2026-07-14,93.6,66.4
114,2026-07-14T08:22:59Z,KDCA,2026-07-15,103.7,71.8
115,2026-07-14T08:22:59Z,KDCA,2026-07-16,100.0,79.5
116,2026-07-14T08:22:59Z,KDCA,2026-07-17,97.5,75.5
117,2026-07-14T08:22:59Z,KDCA,2026-07-18,86.5,73.2
118,2026-07-14T08:22:59Z,KDCA,2026-07-19,88.3,73.4
119,2026-07-14T08:22:59Z,KDCA,2026-07-20,95.8,72.3
29,2026-07-14T08:22:59Z,KDEN,2026-07-14,93.8,65.8
30,2026-07-14T08:22:59Z,KDEN,2026-07-15,92.1,66.7
31,2026-07-14T08:22:59Z,KDEN,2026-07-16,93.7,66.1
32,2026-07-14T08:22:59Z,KDEN,2026-07-17,94.9,66.8
33,2026-07-14T08:22:59Z,KDEN,2026-07-18,97.1,67.2
34,2026-07-14T08:22:59Z,KDEN,2026-07-19,100.7,66.5
35,2026-07-14T08:22:59Z,KDEN,2026-07-20,101.0,68.7
22,2026-07-14T08:22:59Z,KDFW,2026-07-14,87.6,75.9
23,2026-07-14T08:22:59Z,KDFW,2026-07-15,90.4,72.6
24,2026-07-14T08:22:59Z,KDFW,2026-07-16,83.4,76.0
25,2026-07-14T08:22:59Z,KDFW,2026-07-17,86.6,72.9
26,2026-07-14T08:22:59Z,KDFW,2026-07-18,95.8,77.4
27,2026-07-14T08:22:59Z,KDFW,2026-07-19,97.2,77.6
28,2026-07-14T08:22:59Z,KDFW,2026-07-20,98.1,80.0
36,2026-07-14T08:22:59Z,KIAH,2026-07-14,81.5,74.2
37,2026-07-14T08:22:59Z,KIAH,2026-07-15,81.5,73.8
38,2026-07-14T08:22:59Z,KIAH,2026-07-16,83.8,74.6
39,2026-07-14T08:22:59Z,KIAH,2026-07-17,91.9,76.2
40,2026-07-14T08:22:59Z,KIAH,2026-07-18,94.8,77.3
41,2026-07-14T08:22:59Z,KIAH,2026-07-19,95.8,77.6
42,2026-07-14T08:22:59Z,KIAH,2026-07-20,96.6,78.5
43,2026-07-14T08:22:59Z,KLAX,2026-07-14,74.9,63.8
44,2026-07-14T08:22:59Z,KLAX,2026-07-15,81.3,61.8
45,2026-07-14T08:22:59Z,KLAX,2026-07-16,83.8,72.8
46,2026-07-14T08:22:59Z,KLAX,2026-07-17,79.1,70.1
47,2026-07-14T08:22:59Z,KLAX,2026-07-18,79.8,70.1
48,2026-07-14T08:22:59Z,KLAX,2026-07-19,77.8,69.8
49,2026-07-14T08:22:59Z,KLAX,2026-07-20,76.2,68.1
50,2026-07-14T08:22:59Z,KMIA,2026-07-14,94.9,77.0
51,2026-07-14T08:22:59Z,KMIA,2026-07-15,93.6,77.9
52,2026-07-14T08:22:59Z,KMIA,2026-07-16,95.7,80.1
53,2026-07-14T08:22:59Z,KMIA,2026-07-17,94.4,85.1
54,2026-07-14T08:22:59Z,KMIA,2026-07-18,92.6,85.1
55,2026-07-14T08:22:59Z,KMIA,2026-07-19,93.1,83.8
56,2026-07-14T08:22:59Z,KMIA,2026-07-20,93.5,83.8
57,2026-07-14T08:22:59Z,KMSP,2026-07-14,97.0,69.2
58,2026-07-14T08:22:59Z,KMSP,2026-07-15,99.6,70.7
59,2026-07-14T08:22:59Z,KMSP,2026-07-16,97.8,76.0
60,2026-07-14T08:22:59Z,KMSP,2026-07-17,99.4,72.9
61,2026-07-14T08:22:59Z,KMSP,2026-07-18,95.3,74.6
62,2026-07-14T08:22:59Z,KMSP,2026-07-19,99.5,75.1
63,2026-07-14T08:22:59Z,KMSP,2026-07-20,99.0,76.9
64,2026-07-14T08:22:59Z,KNYC,2026-07-14,97.1,69.4
65,2026-07-14T08:22:59Z,KNYC,2026-07-15,102.0,76.0
66,2026-07-14T08:22:59Z,KNYC,2026-07-16,98.8,79.5
67,2026-07-14T08:22:59Z,KNYC,2026-07-17,92.3,76.7
68,2026-07-14T08:22:59Z,KNYC,2026-07-18,81.0,70.4
69,2026-07-14T08:22:59Z,KNYC,2026-07-19,93.6,71.8
70,2026-07-14T08:22:59Z,KNYC,2026-07-20,88.4,74.7
71,2026-07-14T08:22:59Z,KOKC,2026-07-14,93.9,71.5
72,2026-07-14T08:22:59Z,KOKC,2026-07-15,92.3,73.2
73,2026-07-14T08:22:59Z,KOKC,2026-07-16,94.1,70.5
74,2026-07-14T08:22:59Z,KOKC,2026-07-17,90.5,69.6
75,2026-07-14T08:22:59Z,KOKC,2026-07-18,94.8,70.7
76,2026-07-14T08:22:59Z,KOKC,2026-07-19,101.0,75.6
77,2026-07-14T08:22:59Z,KOKC,2026-07-20,101.8,76.6
78,2026-07-14T08:22:59Z,KPHL,2026-07-14,92.5,67.3
79,2026-07-14T08:22:59Z,KPHL,2026-07-15,100.6,70.4
80,2026-07-14T08:22:59Z,KPHL,2026-07-16,97.6,79.6
81,2026-07-14T08:22:59Z,KPHL,2026-07-17,92.5,75.8
82,2026-07-14T08:22:59Z,KPHL,2026-07-18,80.5,72.0
83,2026-07-14T08:22:59Z,KPHL,2026-07-19,91.4,72.0
84,2026-07-14T08:22:59Z,KPHL,2026-07-20,93.1,74.7
85,2026-07-14T08:22:59Z,KPHX,2026-07-14,107.8,77.8
86,2026-07-14T08:22:59Z,KPHX,2026-07-15,109.3,80.7
87,2026-07-14T08:22:59Z,KPHX,2026-07-16,101.7,81.3
88,2026-07-14T08:22:59Z,KPHX,2026-07-17,96.3,82.0
89,2026-07-14T08:22:59Z,KPHX,2026-07-18,100.9,86.4
90,2026-07-14T08:22:59Z,KPHX,2026-07-19,102.7,89.5
91,2026-07-14T08:22:59Z,KPHX,2026-07-20,103.3,87.6
92,2026-07-14T08:22:59Z,KSAT,2026-07-14,77.9,71.3
93,2026-07-14T08:22:59Z,KSAT,2026-07-15,77.5,71.9
94,2026-07-14T08:22:59Z,KSAT,2026-07-16,73.5,70.2
95,2026-07-14T08:22:59Z,KSAT,2026-07-17,87.1,70.5
96,2026-07-14T08:22:59Z,KSAT,2026-07-18,87.8,73.4
97,2026-07-14T08:22:59Z,KSAT,2026-07-19,93.6,72.4
98,2026-07-14T08:22:59Z,KSAT,2026-07-20,89.8,72.6
106,2026-07-14T08:22:59Z,KSEA,2026-07-14,82.8,56.1
107,2026-07-14T08:22:59Z,KSEA,2026-07-15,83.9,59.9
108,2026-07-14T08:22:59Z,KSEA,2026-07-16,88.3,59.0
109,2026-07-14T08:22:59Z,KSEA,2026-07-17,82.5,57.0
110,2026-07-14T08:22:59Z,KSEA,2026-07-18,76.8,54.6
111,2026-07-14T08:22:59Z,KSEA,2026-07-19,79.7,54.3
112,2026-07-14T08:22:59Z,KSEA,2026-07-20,83.5,56.1
99,2026-07-14T08:22:59Z,KSFO,2026-07-14,86.2,58.3
100,2026-07-14T08:22:59Z,KSFO,2026-07-15,72.1,56.1
101,2026-07-14T08:22:59Z,KSFO,2026-07-16,66.5,56.3
102,2026-07-14T08:22:59Z,KSFO,2026-07-17,66.7,56.4
103,2026-07-14T08:22:59Z,KSFO,2026-07-18,69.9,56.3
104,2026-07-14T08:22:59Z,KSFO,2026-07-19,69.4,55.9
105,2026-07-14T08:22:59Z,KSFO,2026-07-20,68.3,55.4
1,2026-07-14T10:20:06Z,KATL,2026-07-14,82.1,71.5
2,2026-07-14T10:20:06Z,KATL,2026-07-15,85.6,70.5
3,2026-07-14T10:20:06Z,KATL,2026-07-16,85.3,72.6
4,2026-07-14T10:20:06Z,KATL,2026-07-17,92.2,73.6
5,2026-07-14T10:20:06Z,KATL,2026-07-18,94.0,74.9
6,2026-07-14T10:20:06Z,KATL,2026-07-19,93.8,76.8
7,2026-07-14T10:20:06Z,KATL,2026-07-20,97.1,74.4
8,2026-07-14T10:20:06Z,KAUS,2026-07-14,80.1,72.4
9,2026-07-14T10:20:06Z,KAUS,2026-07-15,80.6,72.0
10,2026-07-14T10:20:06Z,KAUS,2026-07-16,74.3,71.6
11,2026-07-14T10:20:06Z,KAUS,2026-07-17,84.7,70.9
12,2026-07-14T10:20:06Z,KAUS,2026-07-18,92.3,73.6
13,2026-07-14T10:20:06Z,KAUS,2026-07-19,94.8,71.0
14,2026-07-14T10:20:06Z,KAUS,2026-07-20,93.7,70.6
15,2026-07-14T10:20:06Z,KBOS,2026-07-14,97.0,69.9
16,2026-07-14T10:20:06Z,KBOS,2026-07-15,93.0,74.6
17,2026-07-14T10:20:06Z,KBOS,2026-07-16,89.4,65.9
18,2026-07-14T10:20:06Z,KBOS,2026-07-17,81.5,65.0
19,2026-07-14T10:20:06Z,KBOS,2026-07-18,79.9,63.9
20,2026-07-14T10:20:06Z,KBOS,2026-07-19,87.6,68.4
21,2026-07-14T10:20:06Z,KBOS,2026-07-20,82.3,69.5
106,2026-07-14T10:20:06Z,KDCA,2026-07-14,93.8,66.6
107,2026-07-14T10:20:06Z,KDCA,2026-07-15,103.7,71.8
108,2026-07-14T10:20:06Z,KDCA,2026-07-16,100.0,79.5
109,2026-07-14T10:20:06Z,KDCA,2026-07-17,97.5,75.5
110,2026-07-14T10:20:06Z,KDCA,2026-07-18,86.5,73.2
111,2026-07-14T10:20:06Z,KDCA,2026-07-19,88.3,73.4
112,2026-07-14T10:20:06Z,KDCA,2026-07-20,95.8,72.3
29,2026-07-14T10:20:06Z,KDEN,2026-07-14,94.2,65.4
30,2026-07-14T10:20:06Z,KDEN,2026-07-15,92.1,66.7
31,2026-07-14T10:20:06Z,KDEN,2026-07-16,93.7,66.1
32,2026-07-14T10:20:06Z,KDEN,2026-07-17,94.9,66.8
33,2026-07-14T10:20:06Z,KDEN,2026-07-18,97.1,67.2
34,2026-07-14T10:20:06Z,KDEN,2026-07-19,100.7,66.5
35,2026-07-14T10:20:06Z,KDEN,2026-07-20,101.0,68.7
36,2026-07-14T10:20:06Z,KIAH,2026-07-14,82.4,75.7
37,2026-07-14T10:20:06Z,KIAH,2026-07-15,81.5,73.8
38,2026-07-14T10:20:06Z,KIAH,2026-07-16,83.8,74.6
39,2026-07-14T10:20:06Z,KIAH,2026-07-17,91.9,76.2
40,2026-07-14T10:20:06Z,KIAH,2026-07-18,94.8,77.3
41,2026-07-14T10:20:06Z,KIAH,2026-07-19,95.8,77.6
42,2026-07-14T10:20:06Z,KIAH,2026-07-20,96.6,78.5
43,2026-07-14T10:20:06Z,KLAS,2026-07-14,105.7,84.5
44,2026-07-14T10:20:06Z,KLAS,2026-07-15,110.3,86.0
45,2026-07-14T10:20:06Z,KLAS,2026-07-16,108.0,90.9
46,2026-07-14T10:20:06Z,KLAS,2026-07-17,100.5,88.0
47,2026-07-14T10:20:06Z,KLAS,2026-07-18,101.0,86.1
48,2026-07-14T10:20:06Z,KLAS,2026-07-19,104.8,86.9
49,2026-07-14T10:20:06Z,KLAS,2026-07-20,106.4,93.5
22,2026-07-14T10:20:06Z,KMDW,2026-07-14,98.7,71.8
23,2026-07-14T10:20:06Z,KMDW,2026-07-15,101.5,73.9
24,2026-07-14T10:20:06Z,KMDW,2026-07-16,91.2,77.7
25,2026-07-14T10:20:06Z,KMDW,2026-07-17,97.2,74.5
26,2026-07-14T10:20:06Z,KMDW,2026-07-18,92.3,72.9
27,2026-07-14T10:20:06Z,KMDW,2026-07-19,93.0,73.9
28,2026-07-14T10:20:06Z,KMDW,2026-07-20,95.7,76.8
50,2026-07-14T10:20:06Z,KMIA,2026-07-14,95.0,77.6
51,2026-07-14T10:20:06Z,KMIA,2026-07-15,93.6,77.9
52,2026-07-14T10:20:06Z,KMIA,2026-07-16,95.7,80.1
53,2026-07-14T10:20:06Z,KMIA,2026-07-17,94.4,85.1
54,2026-07-14T10:20:06Z,KMIA,2026-07-18,92.6,85.1
55,2026-07-14T10:20:06Z,KMIA,2026-07-19,93.1,83.8
56,2026-07-14T10:20:06Z,KMIA,2026-07-20,93.5,83.8
57,2026-07-14T10:20:06Z,KMSP,2026-07-14,96.2,69.8
58,2026-07-14T10:20:06Z,KMSP,2026-07-15,99.6,70.7
59,2026-07-14T10:20:06Z,KMSP,2026-07-16,97.8,76.0
60,2026-07-14T10:20:06Z,KMSP,2026-07-17,99.4,72.9
61,2026-07-14T10:20:06Z,KMSP,2026-07-18,95.3,74.6
62,2026-07-14T10:20:06Z,KMSP,2026-07-19,99.5,75.1
63,2026-07-14T10:20:06Z,KMSP,2026-07-20,99.0,76.9
64,2026-07-14T10:20:06Z,KMSY,2026-07-14,80.9,74.0
65,2026-07-14T10:20:06Z,KMSY,2026-07-15,86.6,72.8
66,2026-07-14T10:20:06Z,KMSY,2026-07-16,96.2,72.3
67,2026-07-14T10:20:06Z,KMSY,2026-07-17,94.1,73.4
68,2026-07-14T10:20:06Z,KMSY,2026-07-18,95.7,75.9
69,2026-07-14T10:20:06Z,KMSY,2026-07-19,94.9,73.9
70,2026-07-14T10:20:06Z,KMSY,2026-07-20,95.7,72.8
71,2026-07-14T10:20:06Z,KNYC,2026-07-14,97.5,69.3
72,2026-07-14T10:20:06Z,KNYC,2026-07-15,102.0,76.0
73,2026-07-14T10:20:06Z,KNYC,2026-07-16,98.8,79.5
74,2026-07-14T10:20:06Z,KNYC,2026-07-17,92.3,76.7
75,2026-07-14T10:20:06Z,KNYC,2026-07-18,81.0,70.4
76,2026-07-14T10:20:06Z,KNYC,2026-07-19,93.6,71.8
77,2026-07-14T10:20:06Z,KNYC,2026-07-20,88.4,74.7
78,2026-07-14T10:20:06Z,KPHL,2026-07-14,92.5,66.9
79,2026-07-14T10:20:06Z,KPHL,2026-07-15,100.6,70.4
80,2026-07-14T10:20:06Z,KPHL,2026-07-16,97.6,79.6
81,2026-07-14T10:20:06Z,KPHL,2026-07-17,92.5,75.8
82,2026-07-14T10:20:06Z,KPHL,2026-07-18,80.5,72.0
83,2026-07-14T10:20:06Z,KPHL,2026-07-19,91.4,72.0
84,2026-07-14T10:20:06Z,KPHL,2026-07-20,93.1,74.7
85,2026-07-14T10:20:06Z,KPHX,2026-07-14,107.7,78.3
86,2026-07-14T10:20:06Z,KPHX,2026-07-15,109.3,80.7
87,2026-07-14T10:20:06Z,KPHX,2026-07-16,101.7,81.3
88,2026-07-14T10:20:06Z,KPHX,2026-07-17,96.3,82.0
89,2026-07-14T10:20:06Z,KPHX,2026-07-18,100.9,86.4
90,2026-07-14T10:20:06Z,KPHX,2026-07-19,102.7,89.5
91,2026-07-14T10:20:06Z,KPHX,2026-07-20,103.3,87.6
92,2026-07-14T10:20:06Z,KSAT,2026-07-14,79.3,74.1
93,2026-07-14T10:20:06Z,KSAT,2026-07-15,77.5,71.9
94,2026-07-14T10:20:06Z,KSAT,2026-07-16,73.5,70.2
95,2026-07-14T10:20:06Z,KSAT,2026-07-17,87.1,70.5
96,2026-07-14T10:20:06Z,KSAT,2026-07-18,87.8,73.4
97,2026-07-14T10:20:06Z,KSAT,2026-07-19,93.6,72.4
98,2026-07-14T10:20:06Z,KSAT,2026-07-20,89.8,72.6
99,2026-07-14T10:20:06Z,KSEA,2026-07-14,83.1,55.9
100,2026-07-14T10:20:06Z,KSEA,2026-07-15,83.9,59.9
101,2026-07-14T10:20:06Z,KSEA,2026-07-16,88.3,59.0
102,2026-07-14T10:20:06Z,KSEA,2026-07-17,82.5,57.0
103,2026-07-14T10:20:06Z,KSEA,2026-07-18,76.8,54.6
104,2026-07-14T10:20:06Z,KSEA,2026-07-19,79.7,54.3
105,2026-07-14T10:20:06Z,KSEA,2026-07-20,83.5,56.1
1,2026-07-14T11:58:14Z,KATL,2026-07-14,79.4,71.5
2,2026-07-14T11:58:14Z,KATL,2026-07-15,85.6,70.5
3,2026-07-14T11:58:14Z,KATL,2026-07-16,90.7,72.7
4,2026-07-14T11:58:14Z,KATL,2026-07-17,94.7,75.1
5,2026-07-14T11:58:14Z,KATL,2026-07-18,93.4,75.1
6,2026-07-14T11:58:14Z,KATL,2026-07-19,91.9,76.6
7,2026-07-14T11:58:14Z,KATL,2026-07-20,96.3,77.4
8,2026-07-14T11:58:14Z,KAUS,2026-07-14,79.7,73.9
9,2026-07-14T11:58:14Z,KAUS,2026-07-15,80.6,72.0
10,2026-07-14T11:58:14Z,KAUS,2026-07-16,73.6,70.7
11,2026-07-14T11:58:14Z,KAUS,2026-07-17,82.6,70.2
12,2026-07-14T11:58:14Z,KAUS,2026-07-18,92.1,72.7
13,2026-07-14T11:58:14Z,KAUS,2026-07-19,91.2,71.5
14,2026-07-14T11:58:14Z,KAUS,2026-07-20,95.7,71.2
15,2026-07-14T11:58:14Z,KBOS,2026-07-14,97.3,70.4
16,2026-07-14T11:58:14Z,KBOS,2026-07-15,93.0,74.6
17,2026-07-14T11:58:14Z,KBOS,2026-07-16,88.9,69.8
18,2026-07-14T11:58:14Z,KBOS,2026-07-17,83.3,66.6
19,2026-07-14T11:58:14Z,KBOS,2026-07-18,75.2,64.4
20,2026-07-14T11:58:14Z,KBOS,2026-07-19,80.4,66.9
21,2026-07-14T11:58:14Z,KBOS,2026-07-20,87.5,66.0
113,2026-07-14T11:58:14Z,KDCA,2026-07-14,94.3,68.1
114,2026-07-14T11:58:14Z,KDCA,2026-07-15,103.7,71.8
115,2026-07-14T11:58:14Z,KDCA,2026-07-16,101.1,79.5
116,2026-07-14T11:58:14Z,KDCA,2026-07-17,98.9,76.8
117,2026-07-14T11:58:14Z,KDCA,2026-07-18,84.3,73.9
118,2026-07-14T11:58:14Z,KDCA,2026-07-19,90.3,74.6
119,2026-07-14T11:58:14Z,KDCA,2026-07-20,93.9,75.9
29,2026-07-14T11:58:14Z,KDEN,2026-07-14,93.8,65.3
30,2026-07-14T11:58:14Z,KDEN,2026-07-15,92.1,66.7
31,2026-07-14T11:58:14Z,KDEN,2026-07-16,93.3,65.4
32,2026-07-14T11:58:14Z,KDEN,2026-07-17,94.4,68.3
33,2026-07-14T11:58:14Z,KDEN,2026-07-18,96.2,68.3
34,2026-07-14T11:58:14Z,KDEN,2026-07-19,99.2,69.4
35,2026-07-14T11:58:14Z,KDEN,2026-07-20,97.1,67.7
22,2026-07-14T11:58:14Z,KDFW,2026-07-14,85.6,75.2
23,2026-07-14T11:58:14Z,KDFW,2026-07-15,90.4,72.6
24,2026-07-14T11:58:14Z,KDFW,2026-07-16,83.0,75.3
25,2026-07-14T11:58:14Z,KDFW,2026-07-17,79.2,74.7
26,2026-07-14T11:58:14Z,KDFW,2026-07-18,94.9,74.7
27,2026-07-14T11:58:14Z,KDFW,2026-07-19,97.7,77.8
28,2026-07-14T11:58:14Z,KDFW,2026-07-20,99.8,79.8
36,2026-07-14T11:58:14Z,KIAH,2026-07-14,82.1,73.5
37,2026-07-14T11:58:14Z,KIAH,2026-07-15,81.5,73.8
38,2026-07-14T11:58:14Z,KIAH,2026-07-16,87.0,72.8
39,2026-07-14T11:58:14Z,KIAH,2026-07-17,87.4,76.8
40,2026-07-14T11:58:14Z,KIAH,2026-07-18,96.0,77.1
41,2026-07-14T11:58:14Z,KIAH,2026-07-19,96.0,77.5
42,2026-07-14T11:58:14Z,KIAH,2026-07-20,97.2,77.5
43,2026-07-14T11:58:14Z,KLAX,2026-07-14,74.7,65.2
44,2026-07-14T11:58:14Z,KLAX,2026-07-15,81.3,61.8
45,2026-07-14T11:58:14Z,KLAX,2026-07-16,83.6,72.6
46,2026-07-14T11:58:14Z,KLAX,2026-07-17,78.9,69.2
47,2026-07-14T11:58:14Z,KLAX,2026-07-18,79.5,69.9
48,2026-07-14T11:58:14Z,KLAX,2026-07-19,76.4,69.8
49,2026-07-14T11:58:14Z,KLAX,2026-07-20,77.0,68.2
50,2026-07-14T11:58:14Z,KMIA,2026-07-14,92.5,77.6
51,2026-07-14T11:58:14Z,KMIA,2026-07-15,93.6,77.9
52,2026-07-14T11:58:14Z,KMIA,2026-07-16,96.0,80.1
53,2026-07-14T11:58:14Z,KMIA,2026-07-17,95.7,85.1
54,2026-07-14T11:58:14Z,KMIA,2026-07-18,91.4,84.3
55,2026-07-14T11:58:14Z,KMIA,2026-07-19,93.7,83.4
56,2026-07-14T11:58:14Z,KMIA,2026-07-20,93.3,84.2
57,2026-07-14T11:58:14Z,KMSP,2026-07-14,96.8,70.4
58,2026-07-14T11:58:14Z,KMSP,2026-07-15,99.6,70.7
59,2026-07-14T11:58:14Z,KMSP,2026-07-16,96.5,75.8
60,2026-07-14T11:58:14Z,KMSP,2026-07-17,97.4,73.7
61,2026-07-14T11:58:14Z,KMSP,2026-07-18,94.5,76.4
62,2026-07-14T11:58:14Z,KMSP,2026-07-19,93.3,74.5
63,2026-07-14T11:58:14Z,KMSP,2026-07-20,95.4,74.7
64,2026-07-14T11:58:14Z,KMSY,2026-07-14,81.5,73.3
65,2026-07-14T11:58:14Z,KMSY,2026-07-15,86.6,72.8
66,2026-07-14T11:58:14Z,KMSY,2026-07-16,95.9,72.8
67,2026-07-14T11:58:14Z,KMSY,2026-07-17,93.9,75.2
68,2026-07-14T11:58:14Z,KMSY,2026-07-18,93.5,74.1
69,2026-07-14T11:58:14Z,KMSY,2026-07-19,85.2,76.2
70,2026-07-14T11:58:14Z,KMSY,2026-07-20,95.1,72.7
71,2026-07-14T11:58:14Z,KNYC,2026-07-14,97.7,70.7
72,2026-07-14T11:58:14Z,KNYC,2026-07-15,102.0,76.0
73,2026-07-14T11:58:14Z,KNYC,2026-07-16,96.3,80.1
74,2026-07-14T11:58:14Z,KNYC,2026-07-17,91.4,76.1
75,2026-07-14T11:58:14Z,KNYC,2026-07-18,79.9,70.5
76,2026-07-14T11:58:14Z,KNYC,2026-07-19,94.6,71.4
77,2026-07-14T11:58:14Z,KNYC,2026-07-20,92.1,73.6
78,2026-07-14T11:58:14Z,KOKC,2026-07-14,93.6,72.3
79,2026-07-14T11:58:14Z,KOKC,2026-07-15,92.3,73.2
80,2026-07-14T11:58:14Z,KOKC,2026-07-16,91.6,70.5
81,2026-07-14T11:58:14Z,KOKC,2026-07-17,90.0,69.3
82,2026-07-14T11:58:14Z,KOKC,2026-07-18,96.6,70.0
83,2026-07-14T11:58:14Z,KOKC,2026-07-19,100.1,74.3
84,2026-07-14T11:58:14Z,KOKC,2026-07-20,101.8,78.1
85,2026-07-14T11:58:14Z,KPHL,2026-07-14,92.8,68.0
86,2026-07-14T11:58:14Z,KPHL,2026-07-15,100.6,70.4
87,2026-07-14T11:58:14Z,KPHL,2026-07-16,96.8,79.4
88,2026-07-14T11:58:14Z,KPHL,2026-07-17,94.0,76.7
89,2026-07-14T11:58:14Z,KPHL,2026-07-18,80.6,70.0
90,2026-07-14T11:58:14Z,KPHL,2026-07-19,88.7,72.2
91,2026-07-14T11:58:14Z,KPHL,2026-07-20,90.4,73.6
92,2026-07-14T11:58:14Z,KPHX,2026-07-14,107.5,79.3
93,2026-07-14T11:58:14Z,KPHX,2026-07-15,109.3,80.7
94,2026-07-14T11:58:14Z,KPHX,2026-07-16,100.4,82.4
95,2026-07-14T11:58:14Z,KPHX,2026-07-17,93.0,76.8
96,2026-07-14T11:58:14Z,KPHX,2026-07-18,98.6,87.1
97,2026-07-14T11:58:14Z,KPHX,2026-07-19,101.7,88.3
98,2026-07-14T11:58:14Z,KPHX,2026-07-20,103.3,86.4
106,2026-07-14T11:58:14Z,KSEA,2026-07-14,82.5,55.0
107,2026-07-14T11:58:14Z,KSEA,2026-07-15,83.9,59.9
108,2026-07-14T11:58:14Z,KSEA,2026-07-16,67.8,56.8
109,2026-07-14T11:58:14Z,KSEA,2026-07-17,78.8,53.6
110,2026-07-14T11:58:14Z,KSEA,2026-07-18,80.4,55.9
111,2026-07-14T11:58:14Z,KSEA,2026-07-19,83.5,57.3
112,2026-07-14T11:58:14Z,KSEA,2026-07-20,90.3,58.2
99,2026-07-14T11:58:14Z,KSFO,2026-07-14,86.2,59.0
100,2026-07-14T11:58:14Z,KSFO,2026-07-15,72.1,56.1
101,2026-07-14T11:58:14Z,KSFO,2026-07-16,66.0,56.8
102,2026-07-14T11:58:14Z,KSFO,2026-07-17,66.2,56.6
103,2026-07-14T11:58:14Z,KSFO,2026-07-18,68.9,57.3
104,2026-07-14T11:58:14Z,KSFO,2026-07-19,68.5,56.4
105,2026-07-14T11:58:14Z,KSFO,2026-07-20,70.5,58.3
1,2026-07-14T14:05:18Z,KATL,2026-07-14,78.8,71.2
2,2026-07-14T14:05:18Z,KATL,2026-07-15,89.2,69.4
3,2026-07-14T14:05:18Z,KATL,2026-07-16,90.7,72.6
4,2026-07-14T14:05:18Z,KATL,2026-07-17,94.7,75.1
5,2026-07-14T14:05:18Z,KATL,2026-07-18,93.4,75.1
6,2026-07-14T14:05:18Z,KATL,2026-07-19,91.9,76.6
7,2026-07-14T14:05:18Z,KATL,2026-07-20,96.3,77.4
8,2026-07-14T14:05:18Z,KAUS,2026-07-14,79.6,72.3
9,2026-07-14T14:05:18Z,KAUS,2026-07-15,77.4,71.1
10,2026-07-14T14:05:18Z,KAUS,2026-07-16,74.6,71.2
11,2026-07-14T14:05:18Z,KAUS,2026-07-17,82.6,70.2
12,2026-07-14T14:05:18Z,KAUS,2026-07-18,92.1,72.7
13,2026-07-14T14:05:18Z,KAUS,2026-07-19,91.2,71.5
14,2026-07-14T14:05:18Z,KAUS,2026-07-20,95.7,71.2
15,2026-07-14T14:05:18Z,KBOS,2026-07-14,97.0,70.4
16,2026-07-14T14:05:18Z,KBOS,2026-07-15,91.9,75.1
17,2026-07-14T14:05:18Z,KBOS,2026-07-16,88.9,66.1
18,2026-07-14T14:05:18Z,KBOS,2026-07-17,83.3,66.6
19,2026-07-14T14:05:18Z,KBOS,2026-07-18,75.2,64.4
20,2026-07-14T14:05:18Z,KBOS,2026-07-19,80.4,66.9
21,2026-07-14T14:05:18Z,KBOS,2026-07-20,87.5,66.0
106,2026-07-14T14:05:18Z,KDCA,2026-07-14,93.8,68.1
107,2026-07-14T14:05:18Z,KDCA,2026-07-15,102.9,72.0
108,2026-07-14T14:05:18Z,KDCA,2026-07-16,101.1,78.7
109,2026-07-14T14:05:18Z,KDCA,2026-07-17,98.9,76.8
110,2026-07-14T14:05:18Z,KDCA,2026-07-18,84.3,73.9
111,2026-07-14T14:05:18Z,KDCA,2026-07-19,90.3,74.6
112,2026-07-14T14:05:18Z,KDCA,2026-07-20,93.9,75.9
29,2026-07-14T14:05:18Z,KDEN,2026-07-14,94.4,65.1
30,2026-07-14T14:05:18Z,KDEN,2026-07-15,92.4,66.7
31,2026-07-14T14:05:18Z,KDEN,2026-07-16,93.3,65.5
32,2026-07-14T14:05:18Z,KDEN,2026-07-17,94.4,68.3
33,2026-07-14T14:05:18Z,KDEN,2026-07-18,96.2,68.3
34,2026-07-14T14:05:18Z,KDEN,2026-07-19,99.2,69.4
35,2026-07-14T14:05:18Z,KDEN,2026-07-20,97.1,67.7
36,2026-07-14T14:05:18Z,KIAH,2026-07-14,82.3,72.5
37,2026-07-14T14:05:18Z,KIAH,2026-07-15,80.0,74.0
38,2026-07-14T14:05:18Z,KIAH,2026-07-16,87.0,74.0
39,2026-07-14T14:05:18Z,KIAH,2026-07-17,87.4,76.8
40,2026-07-14T14:05:18Z,KIAH,2026-07-18,96.0,77.1
41,2026-07-14T14:05:18Z,KIAH,2026-07-19,96.0,77.5
42,2026-07-14T14:05:18Z,KIAH,2026-07-20,97.2,77.5
43,2026-07-14T14:05:18Z,KLAS,2026-07-14,104.6,86.9
44,2026-07-14T14:05:18Z,KLAS,2026-07-15,109.6,84.1
45,2026-07-14T14:05:18Z,KLAS,2026-07-16,106.9,87.9
46,2026-07-14T14:05:18Z,KLAS,2026-07-17,102.1,87.1
47,2026-07-14T14:05:18Z,KLAS,2026-07-18,100.1,85.7
48,2026-07-14T14:05:18Z,KLAS,2026-07-19,103.3,88.5
49,2026-07-14T14:05:18Z,KLAS,2026-07-20,106.2,92.1
22,2026-07-14T14:05:18Z,KMDW,2026-07-14,99.0,72.8
23,2026-07-14T14:05:18Z,KMDW,2026-07-15,101.8,74.2
24,2026-07-14T14:05:18Z,KMDW,2026-07-16,96.3,76.2
25,2026-07-14T14:05:18Z,KMDW,2026-07-17,90.7,75.6
26,2026-07-14T14:05:18Z,KMDW,2026-07-18,92.3,72.7
27,2026-07-14T14:05:18Z,KMDW,2026-07-19,91.9,71.9
28,2026-07-14T14:05:18Z,KMDW,2026-07-20,94.8,76.7
50,2026-07-14T14:05:18Z,KMIA,2026-07-14,93.2,77.6
51,2026-07-14T14:05:18Z,KMIA,2026-07-15,93.3,75.6
52,2026-07-14T14:05:18Z,KMIA,2026-07-16,96.0,76.5
53,2026-07-14T14:05:18Z,KMIA,2026-07-17,95.7,85.1
54,2026-07-14T14:05:18Z,KMIA,2026-07-18,91.4,84.3
55,2026-07-14T14:05:18Z,KMIA,2026-07-19,93.7,83.4
56,2026-07-14T14:05:18Z,KMIA,2026-07-20,93.3,84.2
57,2026-07-14T14:05:18Z,KMSP,2026-07-14,98.0,70.9
58,2026-07-14T14:05:18Z,KMSP,2026-07-15,99.8,71.1
59,2026-07-14T14:05:18Z,KMSP,2026-07-16,96.5,72.9
60,2026-07-14T14:05:18Z,KMSP,2026-07-17,97.4,73.7
61,2026-07-14T14:05:18Z,KMSP,2026-07-18,94.5,76.4
62,2026-07-14T14:05:18Z,KMSP,2026-07-19,93.3,74.5
63,2026-07-14T14:05:18Z,KMSP,2026-07-20,95.4,74.7
64,2026-07-14T14:05:18Z,KMSY,2026-07-14,80.9,73.3
65,2026-07-14T14:05:18Z,KMSY,2026-07-15,87.4,73.0
66,2026-07-14T14:05:18Z,KMSY,2026-07-16,95.9,73.7
67,2026-07-14T14:05:18Z,KMSY,2026-07-17,93.9,75.2
68,2026-07-14T14:05:18Z,KMSY,2026-07-18,93.5,74.1
69,2026-07-14T14:05:18Z,KMSY,2026-07-19,85.2,76.2
70,2026-07-14T14:05:18Z,KMSY,2026-07-20,95.1,72.7
71,2026-07-14T14:05:18Z,KOKC,2026-07-14,92.9,71.4
72,2026-07-14T14:05:18Z,KOKC,2026-07-15,89.8,72.6
73,2026-07-14T14:05:18Z,KOKC,2026-07-16,91.6,70.4
74,2026-07-14T14:05:18Z,KOKC,2026-07-17,90.0,69.3
75,2026-07-14T14:05:18Z,KOKC,2026-07-18,96.6,70.0
76,2026-07-14T14:05:18Z,KOKC,2026-07-19,100.1,74.3
77,2026-07-14T14:05:18Z,KOKC,2026-07-20,101.8,78.1
78,2026-07-14T14:05:18Z,KPHL,2026-07-14,92.9,68.0
79,2026-07-14T14:05:18Z,KPHL,2026-07-15,101.3,70.7
80,2026-07-14T14:05:18Z,KPHL,2026-07-16,96.8,74.5
81,2026-07-14T14:05:18Z,KPHL,2026-07-17,94.0,76.7
82,2026-07-14T14:05:18Z,KPHL,2026-07-18,80.6,70.0
83,2026-07-14T14:05:18Z,KPHL,2026-07-19,88.7,72.2
84,2026-07-14T14:05:18Z,KPHL,2026-07-20,90.4,73.6
85,2026-07-14T14:05:18Z,KPHX,2026-07-14,107.7,79.9
86,2026-07-14T14:05:18Z,KPHX,2026-07-15,107.2,82.1
87,2026-07-14T14:05:18Z,KPHX,2026-07-16,100.4,78.5
88,2026-07-14T14:05:18Z,KPHX,2026-07-17,93.0,76.8
89,2026-07-14T14:05:18Z,KPHX,2026-07-18,98.6,87.1
90,2026-07-14T14:05:18Z,KPHX,2026-07-19,101.7,88.3
91,2026-07-14T14:05:18Z,KPHX,2026-07-20,103.3,86.4
99,2026-07-14T14:05:18Z,KSEA,2026-07-14,82.2,55.0
100,2026-07-14T14:05:18Z,KSEA,2026-07-15,83.1,58.9
101,2026-07-14T14:05:18Z,KSEA,2026-07-16,67.8,56.8
102,2026-07-14T14:05:18Z,KSEA,2026-07-17,78.8,53.6
103,2026-07-14T14:05:18Z,KSEA,2026-07-18,80.4,55.9
104,2026-07-14T14:05:18Z,KSEA,2026-07-19,83.5,57.3
105,2026-07-14T14:05:18Z,KSEA,2026-07-20,90.3,58.2
92,2026-07-14T14:05:18Z,KSFO,2026-07-14,89.4,59.5
93,2026-07-14T14:05:18Z,KSFO,2026-07-15,72.2,57.1
94,2026-07-14T14:05:18Z,KSFO,2026-07-16,66.0,56.1
95,2026-07-14T14:05:18Z,KSFO,2026-07-17,66.2,56.6
96,2026-07-14T14:05:18Z,KSFO,2026-07-18,68.9,57.3
97,2026-07-14T14:05:18Z,KSFO,2026-07-19,68.5,56.4
98,2026-07-14T14:05:18Z,KSFO,2026-07-20,70.5,58.3
1,2026-07-14T15:39:38Z,KATL,2026-07-14,77.2,71.2
2,2026-07-14T15:39:38Z,KATL,2026-07-15,89.2,69.4
3,2026-07-14T15:39:38Z,KATL,2026-07-16,90.7,72.6
4,2026-07-14T15:39:38Z,KATL,2026-07-17,94.7,75.1
5,2026-07-14T15:39:38Z,KATL,2026-07-18,93.4,75.1
6,2026-07-14T15:39:38Z,KATL,2026-07-19,91.9,76.6
7,2026-07-14T15:39:38Z,KATL,2026-07-20,96.3,77.4
8,2026-07-14T15:39:38Z,KAUS,2026-07-14,79.1,73.7
9,2026-07-14T15:39:38Z,KAUS,2026-07-15,77.4,71.1
10,2026-07-14T15:39:38Z,KAUS,2026-07-16,74.6,71.2
11,2026-07-14T15:39:38Z,KAUS,2026-07-17,82.6,70.2
12,2026-07-14T15:39:38Z,KAUS,2026-07-18,92.1,72.7
13,2026-07-14T15:39:38Z,KAUS,2026-07-19,91.2,71.5
14,2026-07-14T15:39:38Z,KAUS,2026-07-20,95.7,71.2
15,2026-07-14T15:39:38Z,KBOS,2026-07-14,96.5,70.4
16,2026-07-14T15:39:38Z,KBOS,2026-07-15,91.9,75.1
17,2026-07-14T15:39:38Z,KBOS,2026-07-16,88.9,66.1
18,2026-07-14T15:39:38Z,KBOS,2026-07-17,83.3,66.6
19,2026-07-14T15:39:38Z,KBOS,2026-07-18,75.2,64.4
20,2026-07-14T15:39:38Z,KBOS,2026-07-19,80.4,66.9
21,2026-07-14T15:39:38Z,KBOS,2026-07-20,87.5,66.0
99,2026-07-14T15:39:38Z,KDCA,2026-07-14,93.7,68.1
100,2026-07-14T15:39:38Z,KDCA,2026-07-15,102.9,72.0
101,2026-07-14T15:39:38Z,KDCA,2026-07-16,101.1,78.7
102,2026-07-14T15:39:38Z,KDCA,2026-07-17,98.9,76.8
103,2026-07-14T15:39:38Z,KDCA,2026-07-18,84.3,73.9
104,2026-07-14T15:39:38Z,KDCA,2026-07-19,90.3,74.6
105,2026-07-14T15:39:38Z,KDCA,2026-07-20,93.9,75.9
29,2026-07-14T15:39:38Z,KDEN,2026-07-14,94.4,65.1
30,2026-07-14T15:39:38Z,KDEN,2026-07-15,92.4,66.7
31,2026-07-14T15:39:38Z,KDEN,2026-07-16,93.3,65.5
32,2026-07-14T15:39:38Z,KDEN,2026-07-17,94.4,68.3
33,2026-07-14T15:39:38Z,KDEN,2026-07-18,96.2,68.3
34,2026-07-14T15:39:38Z,KDEN,2026-07-19,99.2,69.4
35,2026-07-14T15:39:38Z,KDEN,2026-07-20,97.1,67.7
22,2026-07-14T15:39:38Z,KDFW,2026-07-14,81.7,72.7
23,2026-07-14T15:39:38Z,KDFW,2026-07-15,81.9,71.1
24,2026-07-14T15:39:38Z,KDFW,2026-07-16,83.0,70.2
25,2026-07-14T15:39:38Z,KDFW,2026-07-17,79.2,74.7
26,2026-07-14T15:39:38Z,KDFW,2026-07-18,94.9,74.7
27,2026-07-14T15:39:38Z,KDFW,2026-07-19,97.7,77.8
28,2026-07-14T15:39:38Z,KDFW,2026-07-20,99.8,79.8
36,2026-07-14T15:39:38Z,KIAH,2026-07-14,81.4,73.3
37,2026-07-14T15:39:38Z,KIAH,2026-07-15,80.0,74.0
38,2026-07-14T15:39:38Z,KIAH,2026-07-16,87.0,74.0
39,2026-07-14T15:39:38Z,KIAH,2026-07-17,87.4,76.8
40,2026-07-14T15:39:38Z,KIAH,2026-07-18,96.0,77.1
41,2026-07-14T15:39:38Z,KIAH,2026-07-19,96.0,77.5
42,2026-07-14T15:39:38Z,KIAH,2026-07-20,97.2,77.5
43,2026-07-14T15:39:38Z,KLAX,2026-07-14,76.7,65.1
44,2026-07-14T15:39:38Z,KLAX,2026-07-15,82.9,60.9
45,2026-07-14T15:39:38Z,KLAX,2026-07-16,83.6,66.2
46,2026-07-14T15:39:38Z,KLAX,2026-07-17,78.9,69.2
47,2026-07-14T15:39:38Z,KLAX,2026-07-18,79.5,69.9
48,2026-07-14T15:39:38Z,KLAX,2026-07-19,76.4,69.8
49,2026-07-14T15:39:38Z,KLAX,2026-07-20,77.0,68.2
50,2026-07-14T15:39:38Z,KMIA,2026-07-14,92.8,77.6
51,2026-07-14T15:39:38Z,KMIA,2026-07-15,93.3,75.8
52,2026-07-14T15:39:38Z,KMIA,2026-07-16,96.0,76.5
53,2026-07-14T15:39:38Z,KMIA,2026-07-17,95.7,85.1
54,2026-07-14T15:39:38Z,KMIA,2026-07-18,91.4,84.3
55,2026-07-14T15:39:38Z,KMIA,2026-07-19,93.7,83.4
56,2026-07-14T15:39:38Z,KMIA,2026-07-20,93.3,84.2
57,2026-07-14T15:39:38Z,KMSP,2026-07-14,96.9,70.9
58,2026-07-14T15:39:38Z,KMSP,2026-07-15,99.8,71.1
59,2026-07-14T15:39:38Z,KMSP,2026-07-16,96.5,72.9
60,2026-07-14T15:39:38Z,KMSP,2026-07-17,97.4,73.7
61,2026-07-14T15:39:38Z,KMSP,2026-07-18,94.5,76.4
62,2026-07-14T15:39:38Z,KMSP,2026-07-19,93.3,74.5
63,2026-07-14T15:39:38Z,KMSP,2026-07-20,95.4,74.7
64,2026-07-14T15:39:38Z,KNYC,2026-07-14,97.0,70.7
65,2026-07-14T15:39:38Z,KNYC,2026-07-15,103.1,75.4
66,2026-07-14T15:39:38Z,KNYC,2026-07-16,96.3,75.7
67,2026-07-14T15:39:38Z,KNYC,2026-07-17,91.4,76.1
68,2026-07-14T15:39:38Z,KNYC,2026-07-18,79.9,70.5
69,2026-07-14T15:39:38Z,KNYC,2026-07-19,94.6,71.4
70,2026-07-14T15:39:38Z,KNYC,2026-07-20,92.1,73.6
71,2026-07-14T15:39:38Z,KOKC,2026-07-14,93.1,71.4
72,2026-07-14T15:39:38Z,KOKC,2026-07-15,89.8,72.6
73,2026-07-14T15:39:38Z,KOKC,2026-07-16,91.6,70.4
74,2026-07-14T15:39:38Z,KOKC,2026-07-17,90.0,69.3
75,2026-07-14T15:39:38Z,KOKC,2026-07-18,96.6,70.0
76,2026-07-14T15:39:38Z,KOKC,2026-07-19,100.1,74.3
77,2026-07-14T15:39:38Z,KOKC,2026-07-20,101.8,78.1
78,2026-07-14T15:39:38Z,KPHL,2026-07-14,92.4,68.0
79,2026-07-14T15:39:38Z,KPHL,2026-07-15,101.3,70.7
80,2026-07-14T15:39:38Z,KPHL,2026-07-16,96.8,74.5
81,2026-07-14T15:39:38Z,KPHL,2026-07-17,94.0,76.7
82,2026-07-14T15:39:38Z,KPHL,2026-07-18,80.6,70.0
83,2026-07-14T15:39:38Z,KPHL,2026-07-19,88.7,72.2
84,2026-07-14T15:39:38Z,KPHL,2026-07-20,90.4,73.6
85,2026-07-14T15:39:38Z,KPHX,2026-07-14,107.4,79.9
86,2026-07-14T15:39:38Z,KPHX,2026-07-15,107.2,82.1
87,2026-07-14T15:39:38Z,KPHX,2026-07-16,100.4,78.5
88,2026-07-14T15:39:38Z,KPHX,2026-07-17,93.0,76.8
89,2026-07-14T15:39:38Z,KPHX,2026-07-18,98.6,87.1
90,2026-07-14T15:39:38Z,KPHX,2026-07-19,101.7,88.3
91,2026-07-14T15:39:38Z,KPHX,2026-07-20,103.3,86.4
92,2026-07-14T15:39:38Z,KSAT,2026-07-14,79.0,72.8
93,2026-07-14T15:39:38Z,KSAT,2026-07-15,76.1,71.3
94,2026-07-14T15:39:38Z,KSAT,2026-07-16,75.3,70.2
95,2026-07-14T15:39:38Z,KSAT,2026-07-17,85.5,71.1
96,2026-07-14T15:39:38Z,KSAT,2026-07-18,90.0,72.9
97,2026-07-14T15:39:38Z,KSAT,2026-07-19,89.5,72.5
98,2026-07-14T15:39:38Z,KSAT,2026-07-20,90.5,72.8
1,2026-07-14T17:23:23Z,KATL,2026-07-14,81.2,71.2
2,2026-07-14T17:23:23Z,KATL,2026-07-15,89.2,70.5
3,2026-07-14T17:23:23Z,KATL,2026-07-16,90.7,72.6
4,2026-07-14T17:23:23Z,KATL,2026-07-17,94.7,75.1
5,2026-07-14T17:23:23Z,KATL,2026-07-18,93.4,75.1
6,2026-07-14T17:23:23Z,KATL,2026-07-19,91.9,76.6
7,2026-07-14T17:23:23Z,KATL,2026-07-20,96.3,77.4
8,2026-07-14T17:23:23Z,KAUS,2026-07-14,81.5,72.6
9,2026-07-14T17:23:23Z,KAUS,2026-07-15,77.4,71.1
10,2026-07-14T17:23:23Z,KAUS,2026-07-16,74.6,71.2
11,2026-07-14T17:23:23Z,KAUS,2026-07-17,82.6,70.2
12,2026-07-14T17:23:23Z,KAUS,2026-07-18,92.1,72.7
13,2026-07-14T17:23:23Z,KAUS,2026-07-19,91.2,71.5
14,2026-07-14T17:23:23Z,KAUS,2026-07-20,95.7,71.2
99,2026-07-14T17:23:23Z,KDCA,2026-07-14,93.2,68.1
100,2026-07-14T17:23:23Z,KDCA,2026-07-15,102.9,72.0
101,2026-07-14T17:23:23Z,KDCA,2026-07-16,101.1,78.7
102,2026-07-14T17:23:23Z,KDCA,2026-07-17,98.9,76.8
103,2026-07-14T17:23:23Z,KDCA,2026-07-18,84.3,73.9
104,2026-07-14T17:23:23Z,KDCA,2026-07-19,90.3,74.6
105,2026-07-14T17:23:23Z,KDCA,2026-07-20,93.9,75.9
29,2026-07-14T17:23:23Z,KDEN,2026-07-14,94.7,65.1
30,2026-07-14T17:23:23Z,KDEN,2026-07-15,92.4,66.7
31,2026-07-14T17:23:23Z,KDEN,2026-07-16,93.3,65.5
32,2026-07-14T17:23:23Z,KDEN,2026-07-17,94.4,68.3
33,2026-07-14T17:23:23Z,KDEN,2026-07-18,96.2,68.3
34,2026-07-14T17:23:23Z,KDEN,2026-07-19,99.2,69.4
35,2026-07-14T17:23:23Z,KDEN,2026-07-20,97.1,67.7
22,2026-07-14T17:23:23Z,KDFW,2026-07-14,85.6,74.4
23,2026-07-14T17:23:23Z,KDFW,2026-07-15,81.9,71.1
24,2026-07-14T17:23:23Z,KDFW,2026-07-16,83.0,70.2
25,2026-07-14T17:23:23Z,KDFW,2026-07-17,79.2,74.7
26,2026-07-14T17:23:23Z,KDFW,2026-07-18,94.9,74.7
27,2026-07-14T17:23:23Z,KDFW,2026-07-19,97.7,77.8
28,2026-07-14T17:23:23Z,KDFW,2026-07-20,99.8,79.8
36,2026-07-14T17:23:23Z,KLAS,2026-07-14,106.0,88.7
37,2026-07-14T17:23:23Z,KLAS,2026-07-15,109.6,84.1
38,2026-07-14T17:23:23Z,KLAS,2026-07-16,106.9,87.9
39,2026-07-14T17:23:23Z,KLAS,2026-07-17,102.1,87.1
40,2026-07-14T17:23:23Z,KLAS,2026-07-18,100.1,85.7
41,2026-07-14T17:23:23Z,KLAS,2026-07-19,103.3,88.5
42,2026-07-14T17:23:23Z,KLAS,2026-07-20,106.2,92.1
43,2026-07-14T17:23:23Z,KLAX,2026-07-14,75.6,65.1
44,2026-07-14T17:23:23Z,KLAX,2026-07-15,82.9,60.9
45,2026-07-14T17:23:23Z,KLAX,2026-07-16,83.6,66.2
46,2026-07-14T17:23:23Z,KLAX,2026-07-17,78.9,69.2
47,2026-07-14T17:23:23Z,KLAX,2026-07-18,79.5,69.9
48,2026-07-14T17:23:23Z,KLAX,2026-07-19,76.4,69.8
49,2026-07-14T17:23:23Z,KLAX,2026-07-20,77.0,68.2
15,2026-07-14T17:23:23Z,KMDW,2026-07-14,98.9,72.8
16,2026-07-14T17:23:23Z,KMDW,2026-07-15,101.8,74.2
17,2026-07-14T17:23:23Z,KMDW,2026-07-16,96.3,76.2
18,2026-07-14T17:23:23Z,KMDW,2026-07-17,90.7,75.6
19,2026-07-14T17:23:23Z,KMDW,2026-07-18,92.3,72.7
20,2026-07-14T17:23:23Z,KMDW,2026-07-19,91.9,71.9
21,2026-07-14T17:23:23Z,KMDW,2026-07-20,94.8,76.7
50,2026-07-14T17:23:23Z,KMIA,2026-07-14,92.8,77.6
51,2026-07-14T17:23:23Z,KMIA,2026-07-15,93.3,75.2
52,2026-07-14T17:23:23Z,KMIA,2026-07-16,96.0,76.5
53,2026-07-14T17:23:23Z,KMIA,2026-07-17,95.7,85.1
54,2026-07-14T17:23:23Z,KMIA,2026-07-18,91.4,84.3
55,2026-07-14T17:23:23Z,KMIA,2026-07-19,93.7,83.4
56,2026-07-14T17:23:23Z,KMIA,2026-07-20,93.3,84.2
57,2026-07-14T17:23:23Z,KMSY,2026-07-14,81.7,73.3
58,2026-07-14T17:23:23Z,KMSY,2026-07-15,87.4,73.0
59,2026-07-14T17:23:23Z,KMSY,2026-07-16,95.9,73.7
60,2026-07-14T17:23:23Z,KMSY,2026-07-17,93.9,75.2
61,2026-07-14T17:23:23Z,KMSY,2026-07-18,93.5,74.1
62,2026-07-14T17:23:23Z,KMSY,2026-07-19,85.2,76.2
63,2026-07-14T17:23:23Z,KMSY,2026-07-20,95.1,72.7
64,2026-07-14T17:23:23Z,KNYC,2026-07-14,97.4,70.7
65,2026-07-14T17:23:23Z,KNYC,2026-07-15,103.1,75.2
66,2026-07-14T17:23:23Z,KNYC,2026-07-16,96.3,75.7
67,2026-07-14T17:23:23Z,KNYC,2026-07-17,91.4,76.1
68,2026-07-14T17:23:23Z,KNYC,2026-07-18,79.9,70.5
69,2026-07-14T17:23:23Z,KNYC,2026-07-19,94.6,71.4
70,2026-07-14T17:23:23Z,KNYC,2026-07-20,92.1,73.6
71,2026-07-14T17:23:23Z,KOKC,2026-07-14,92.9,71.4
72,2026-07-14T17:23:23Z,KOKC,2026-07-15,89.8,72.6
73,2026-07-14T17:23:23Z,KOKC,2026-07-16,91.6,70.4
74,2026-07-14T17:23:23Z,KOKC,2026-07-17,90.0,69.3
75,2026-07-14T17:23:23Z,KOKC,2026-07-18,96.6,70.0
76,2026-07-14T17:23:23Z,KOKC,2026-07-19,100.1,74.3
77,2026-07-14T17:23:23Z,KOKC,2026-07-20,101.8,78.1
78,2026-07-14T17:23:23Z,KPHX,2026-07-14,107.5,79.9
79,2026-07-14T17:23:23Z,KPHX,2026-07-15,107.2,82.1
80,2026-07-14T17:23:23Z,KPHX,2026-07-16,100.4,78.5
81,2026-07-14T17:23:23Z,KPHX,2026-07-17,93.0,76.8
82,2026-07-14T17:23:23Z,KPHX,2026-07-18,98.6,87.1
83,2026-07-14T17:23:23Z,KPHX,2026-07-19,101.7,88.3
84,2026-07-14T17:23:23Z,KPHX,2026-07-20,103.3,86.4
85,2026-07-14T17:23:23Z,KSAT,2026-07-14,77.6,72.4
86,2026-07-14T17:23:23Z,KSAT,2026-07-15,76.1,71.3
87,2026-07-14T17:23:23Z,KSAT,2026-07-16,75.3,70.2
88,2026-07-14T17:23:23Z,KSAT,2026-07-17,85.5,71.1
89,2026-07-14T17:23:23Z,KSAT,2026-07-18,90.0,72.9
90,2026-07-14T17:23:23Z,KSAT,2026-07-19,89.5,72.5
91,2026-07-14T17:23:23Z,KSAT,2026-07-20,90.5,72.8
92,2026-07-14T17:23:23Z,KSEA,2026-07-14,82.1,54.8
93,2026-07-14T17:23:23Z,KSEA,2026-07-15,83.1,58.9
94,2026-07-14T17:23:23Z,KSEA,2026-07-16,67.8,56.8
95,2026-07-14T17:23:23Z,KSEA,2026-07-17,78.8,53.6
96,2026-07-14T17:23:23Z,KSEA,2026-07-18,80.4,55.9
97,2026-07-14T17:23:23Z,KSEA,2026-07-19,83.5,57.3
98,2026-07-14T17:23:23Z,KSEA,2026-07-20,90.3,58.2
1,2026-07-14T18:42:52Z,KATL,2026-07-14,81.0,71.2
2,2026-07-14T18:42:52Z,KATL,2026-07-15,89.2,70.7
3,2026-07-14T18:42:52Z,KATL,2026-07-16,92.4,72.5
4,2026-07-14T18:42:52Z,KATL,2026-07-17,92.7,75.4
5,2026-07-14T18:42:52Z,KATL,2026-07-18,93.8,75.3
6,2026-07-14T18:42:52Z,KATL,2026-07-19,94.1,74.7
7,2026-07-14T18:42:52Z,KATL,2026-07-20,95.6,75.5
8,2026-07-14T18:42:52Z,KAUS,2026-07-14,82.9,72.9
9,2026-07-14T18:42:52Z,KAUS,2026-07-15,77.4,71.1
10,2026-07-14T18:42:52Z,KAUS,2026-07-16,76.8,72.3
11,2026-07-14T18:42:52Z,KAUS,2026-07-17,88.0,70.9
12,2026-07-14T18:42:52Z,KAUS,2026-07-18,91.2,73.6
13,2026-07-14T18:42:52Z,KAUS,2026-07-19,95.4,72.1
14,2026-07-14T18:42:52Z,KAUS,2026-07-20,96.3,71.2
15,2026-07-14T18:42:52Z,KBOS,2026-07-14,95.6,70.4
16,2026-07-14T18:42:52Z,KBOS,2026-07-15,91.9,75.1
17,2026-07-14T18:42:52Z,KBOS,2026-07-16,90.0,66.0
18,2026-07-14T18:42:52Z,KBOS,2026-07-17,82.6,65.0
19,2026-07-14T18:42:52Z,KBOS,2026-07-18,71.6,64.2
20,2026-07-14T18:42:52Z,KBOS,2026-07-19,72.0,65.9
21,2026-07-14T18:42:52Z,KBOS,2026-07-20,78.1,65.1
99,2026-07-14T18:42:52Z,KDCA,2026-07-14,93.4,68.1
100,2026-07-14T18:42:52Z,KDCA,2026-07-15,102.9,72.3
101,2026-07-14T18:42:52Z,KDCA,2026-07-16,98.5,78.9
102,2026-07-14T18:42:52Z,KDCA,2026-07-17,92.1,74.1
103,2026-07-14T18:42:52Z,KDCA,2026-07-18,89.5,73.5
104,2026-07-14T18:42:52Z,KDCA,2026-07-19,95.2,72.3
105,2026-07-14T18:42:52Z,KDCA,2026-07-20,96.4,69.5
29,2026-07-14T18:42:52Z,KDEN,2026-07-14,95.1,65.1
30,2026-07-14T18:42:52Z,KDEN,2026-07-15,92.4,66.7
31,2026-07-14T18:42:52Z,KDEN,2026-07-16,94.0,65.2
32,2026-07-14T18:42:52Z,KDEN,2026-07-17,94.4,67.4
33,2026-07-14T18:42:52Z,KDEN,2026-07-18,97.4,65.8
34,2026-07-14T18:42:52Z,KDEN,2026-07-19,101.8,67.0
35,2026-07-14T18:42:52Z,KDEN,2026-07-20,90.8,63.8
22,2026-07-14T18:42:52Z,KDFW,2026-07-14,85.5,75.4
23,2026-07-14T18:42:52Z,KDFW,2026-07-15,81.9,71.1
24,2026-07-14T18:42:52Z,KDFW,2026-07-16,83.6,70.2
25,2026-07-14T18:42:52Z,KDFW,2026-07-17,82.1,73.3
26,2026-07-14T18:42:52Z,KDFW,2026-07-18,95.3,76.0
27,2026-07-14T18:42:52Z,KDFW,2026-07-19,97.8,78.3
28,2026-07-14T18:42:52Z,KDFW,2026-07-20,99.9,79.8
36,2026-07-14T18:42:52Z,KIAH,2026-07-14,81.0,73.3
37,2026-07-14T18:42:52Z,KIAH,2026-07-15,80.0,74.0
38,2026-07-14T18:42:52Z,KIAH,2026-07-16,87.6,74.8
39,2026-07-14T18:42:52Z,KIAH,2026-07-17,89.0,77.8
40,2026-07-14T18:42:52Z,KIAH,2026-07-18,95.8,77.5
41,2026-07-14T18:42:52Z,KIAH,2026-07-19,96.7,77.8
42,2026-07-14T18:42:52Z,KIAH,2026-07-20,97.6,77.6
43,2026-07-14T18:42:52Z,KLAX,2026-07-14,76.3,65.1
44,2026-07-14T18:42:52Z,KLAX,2026-07-15,82.9,60.9
45,2026-07-14T18:42:52Z,KLAX,2026-07-16,83.6,66.2
46,2026-07-14T18:42:52Z,KLAX,2026-07-17,79.3,69.8
47,2026-07-14T18:42:52Z,KLAX,2026-07-18,79.3,70.8
48,2026-07-14T18:42:52Z,KLAX,2026-07-19,76.7,70.1
49,2026-07-14T18:42:52Z,KLAX,2026-07-20,76.2,68.5
50,2026-07-14T18:42:52Z,KMIA,2026-07-14,93.7,77.6
51,2026-07-14T18:42:52Z,KMIA,2026-07-15,93.3,74.4
52,2026-07-14T18:42:52Z,KMIA,2026-07-16,95.7,76.5
53,2026-07-14T18:42:52Z,KMIA,2026-07-17,95.0,84.9
54,2026-07-14T18:42:52Z,KMIA,2026-07-18,92.4,83.8
55,2026-07-14T18:42:52Z,KMIA,2026-07-19,93.0,83.1
56,2026-07-14T18:42:52Z,KMIA,2026-07-20,93.6,83.3
57,2026-07-14T18:42:52Z,KMSP,2026-07-14,96.6,70.9
58,2026-07-14T18:42:52Z,KMSP,2026-07-15,99.8,71.1
59,2026-07-14T18:42:52Z,KMSP,2026-07-16,97.6,72.6
60,2026-07-14T18:42:52Z,KMSP,2026-07-17,98.7,73.8
61,2026-07-14T18:42:52Z,KMSP,2026-07-18,94.2,68.3
62,2026-07-14T18:42:52Z,KMSP,2026-07-19,95.0,72.9
63,2026-07-14T18:42:52Z,KMSP,2026-07-20,85.4,68.0
64,2026-07-14T18:42:52Z,KNYC,2026-07-14,95.9,70.7
65,2026-07-14T18:42:52Z,KNYC,2026-07-15,103.1,73.3
66,2026-07-14T18:42:52Z,KNYC,2026-07-16,98.8,75.6
67,2026-07-14T18:42:52Z,KNYC,2026-07-17,94.3,76.1
68,2026-07-14T18:42:52Z,KNYC,2026-07-18,81.5,70.0
69,2026-07-14T18:42:52Z,KNYC,2026-07-19,87.2,72.1
70,2026-07-14T18:42:52Z,KNYC,2026-07-20,87.4,72.5
71,2026-07-14T18:42:52Z,KOKC,2026-07-14,93.6,71.4
72,2026-07-14T18:42:52Z,KOKC,2026-07-15,89.8,72.6
73,2026-07-14T18:42:52Z,KOKC,2026-07-16,90.7,70.4
74,2026-07-14T18:42:52Z,KOKC,2026-07-17,90.9,69.6
75,2026-07-14T18:42:52Z,KOKC,2026-07-18,96.1,70.3
76,2026-07-14T18:42:52Z,KOKC,2026-07-19,100.4,75.6
77,2026-07-14T18:42:52Z,KOKC,2026-07-20,103.0,79.7
78,2026-07-14T18:42:52Z,KPHL,2026-07-14,92.0,68.0
79,2026-07-14T18:42:52Z,KPHL,2026-07-15,101.3,71.4
80,2026-07-14T18:42:52Z,KPHL,2026-07-16,97.9,74.5
81,2026-07-14T18:42:52Z,KPHL,2026-07-17,92.2,75.2
82,2026-07-14T18:42:52Z,KPHL,2026-07-18,80.3,71.8
83,2026-07-14T18:42:52Z,KPHL,2026-07-19,91.2,72.2
84,2026-07-14T18:42:52Z,KPHL,2026-07-20,93.0,72.0
85,2026-07-14T18:42:52Z,KSAT,2026-07-14,78.3,72.8
86,2026-07-14T18:42:52Z,KSAT,2026-07-15,76.1,71.3
87,2026-07-14T18:42:52Z,KSAT,2026-07-16,75.3,71.8
88,2026-07-14T18:42:52Z,KSAT,2026-07-17,87.3,70.5
89,2026-07-14T18:42:52Z,KSAT,2026-07-18,90.7,74.3
90,2026-07-14T18:42:52Z,KSAT,2026-07-19,93.9,73.6
91,2026-07-14T18:42:52Z,KSAT,2026-07-20,93.3,73.1
92,2026-07-14T18:42:52Z,KSEA,2026-07-14,81.7,54.8
93,2026-07-14T18:42:52Z,KSEA,2026-07-15,83.1,58.9
94,2026-07-14T18:42:52Z,KSEA,2026-07-16,73.0,57.7
95,2026-07-14T18:42:52Z,KSEA,2026-07-17,84.0,53.0
96,2026-07-14T18:42:52Z,KSEA,2026-07-18,81.3,56.6
97,2026-07-14T18:42:52Z,KSEA,2026-07-19,86.2,57.9
98,2026-07-14T18:42:52Z,KSEA,2026-07-20,93.3,60.7
1,2026-07-14T20:18:57Z,KATL,2026-07-14,85.2,71.2
2,2026-07-14T20:18:57Z,KATL,2026-07-15,85.0,70.7
3,2026-07-14T20:18:57Z,KATL,2026-07-16,92.4,72.2
4,2026-07-14T20:18:57Z,KATL,2026-07-17,92.7,75.4
5,2026-07-14T20:18:57Z,KATL,2026-07-18,93.8,75.3
6,2026-07-14T20:18:57Z,KATL,2026-07-19,94.1,74.7
7,2026-07-14T20:18:57Z,KATL,2026-07-20,95.6,75.5
8,2026-07-14T20:18:57Z,KAUS,2026-07-14,82.6,72.7
9,2026-07-14T20:18:57Z,KAUS,2026-07-15,78.1,72.7
10,2026-07-14T20:18:57Z,KAUS,2026-07-16,79.6,72.3
11,2026-07-14T20:18:57Z,KAUS,2026-07-17,88.0,70.9
12,2026-07-14T20:18:57Z,KAUS,2026-07-18,91.2,73.6
13,2026-07-14T20:18:57Z,KAUS,2026-07-19,95.4,72.1
14,2026-07-14T20:18:57Z,KAUS,2026-07-20,96.3,71.2
15,2026-07-14T20:18:57Z,KBOS,2026-07-14,93.6,70.4
16,2026-07-14T20:18:57Z,KBOS,2026-07-15,90.7,74.9
17,2026-07-14T20:18:57Z,KBOS,2026-07-16,90.0,66.0
18,2026-07-14T20:18:57Z,KBOS,2026-07-17,82.6,65.0
19,2026-07-14T20:18:57Z,KBOS,2026-07-18,71.6,64.2
20,2026-07-14T20:18:57Z,KBOS,2026-07-19,72.0,65.9
21,2026-07-14T20:18:57Z,KBOS,2026-07-20,78.1,65.1
106,2026-07-14T20:18:57Z,KDCA,2026-07-14,93.1,68.1
107,2026-07-14T20:18:57Z,KDCA,2026-07-15,102.4,71.1
108,2026-07-14T20:18:57Z,KDCA,2026-07-16,98.8,78.6
109,2026-07-14T20:18:57Z,KDCA,2026-07-17,92.1,74.1
110,2026-07-14T20:18:57Z,KDCA,2026-07-18,89.5,73.5
111,2026-07-14T20:18:57Z,KDCA,2026-07-19,95.2,72.3
112,2026-07-14T20:18:57Z,KDCA,2026-07-20,96.4,69.5
29,2026-07-14T20:18:57Z,KDEN,2026-07-14,93.9,65.1
30,2026-07-14T20:18:57Z,KDEN,2026-07-15,92.4,67.2
31,2026-07-14T20:18:57Z,KDEN,2026-07-16,94.0,65.6
32,2026-07-14T20:18:57Z,KDEN,2026-07-17,94.4,67.4
33,2026-07-14T20:18:57Z,KDEN,2026-07-18,97.4,65.8
34,2026-07-14T20:18:57Z,KDEN,2026-07-19,101.8,67.0
35,2026-07-14T20:18:57Z,KDEN,2026-07-20,90.8,63.8
22,2026-07-14T20:18:57Z,KDFW,2026-07-14,88.0,74.3
23,2026-07-14T20:18:57Z,KDFW,2026-07-15,84.0,72.1
24,2026-07-14T20:18:57Z,KDFW,2026-07-16,83.6,71.3
25,2026-07-14T20:18:57Z,KDFW,2026-07-17,82.1,73.3
26,2026-07-14T20:18:57Z,KDFW,2026-07-18,95.3,76.0
27,2026-07-14T20:18:57Z,KDFW,2026-07-19,97.8,78.3
28,2026-07-14T20:18:57Z,KDFW,2026-07-20,99.9,79.8
36,2026-07-14T20:18:57Z,KIAH,2026-07-14,78.4,73.3
37,2026-07-14T20:18:57Z,KIAH,2026-07-15,82.0,70.8
38,2026-07-14T20:18:57Z,KIAH,2026-07-16,87.4,73.8
39,2026-07-14T20:18:57Z,KIAH,2026-07-17,89.0,77.8
40,2026-07-14T20:18:57Z,KIAH,2026-07-18,95.8,77.5
41,2026-07-14T20:18:57Z,KIAH,2026-07-19,96.7,77.8
42,2026-07-14T20:18:57Z,KIAH,2026-07-20,97.6,77.6
43,2026-07-14T20:18:57Z,KLAX,2026-07-14,76.5,65.1
44,2026-07-14T20:18:57Z,KLAX,2026-07-15,81.0,61.6
45,2026-07-14T20:18:57Z,KLAX,2026-07-16,83.6,64.2
46,2026-07-14T20:18:57Z,KLAX,2026-07-17,79.3,69.8
47,2026-07-14T20:18:57Z,KLAX,2026-07-18,79.3,70.8
48,2026-07-14T20:18:57Z,KLAX,2026-07-19,76.7,70.1
49,2026-07-14T20:18:57Z,KLAX,2026-07-20,76.2,68.5
50,2026-07-14T20:18:57Z,KMIA,2026-07-14,94.7,77.6
51,2026-07-14T20:18:57Z,KMIA,2026-07-15,93.3,76.5
52,2026-07-14T20:18:57Z,KMIA,2026-07-16,95.1,75.0
53,2026-07-14T20:18:57Z,KMIA,2026-07-17,95.0,84.9
54,2026-07-14T20:18:57Z,KMIA,2026-07-18,92.4,83.8
55,2026-07-14T20:18:57Z,KMIA,2026-07-19,93.0,83.1
56,2026-07-14T20:18:57Z,KMIA,2026-07-20,93.6,83.3
57,2026-07-14T20:18:57Z,KMSP,2026-07-14,95.5,70.9
58,2026-07-14T20:18:57Z,KMSP,2026-07-15,99.7,72.4
59,2026-07-14T20:18:57Z,KMSP,2026-07-16,97.6,71.2
60,2026-07-14T20:18:57Z,KMSP,2026-07-17,98.7,73.8
61,2026-07-14T20:18:57Z,KMSP,2026-07-18,94.2,68.3
62,2026-07-14T20:18:57Z,KMSP,2026-07-19,95.0,72.9
63,2026-07-14T20:18:57Z,KMSP,2026-07-20,85.4,68.0
64,2026-07-14T20:18:57Z,KNYC,2026-07-14,93.9,70.7
65,2026-07-14T20:18:57Z,KNYC,2026-07-15,101.1,72.4
66,2026-07-14T20:18:57Z,KNYC,2026-07-16,98.8,75.0
67,2026-07-14T20:18:57Z,KNYC,2026-07-17,94.3,76.1
68,2026-07-14T20:18:57Z,KNYC,2026-07-18,81.5,70.0
69,2026-07-14T20:18:57Z,KNYC,2026-07-19,87.2,72.1
70,2026-07-14T20:18:57Z,KNYC,2026-07-20,87.4,72.5
71,2026-07-14T20:18:57Z,KOKC,2026-07-14,92.4,71.4
72,2026-07-14T20:18:57Z,KOKC,2026-07-15,90.5,73.2
73,2026-07-14T20:18:57Z,KOKC,2026-07-16,90.7,70.5
74,2026-07-14T20:18:57Z,KOKC,2026-07-17,90.9,69.6
75,2026-07-14T20:18:57Z,KOKC,2026-07-18,96.1,70.3
76,2026-07-14T20:18:57Z,KOKC,2026-07-19,100.4,75.6
77,2026-07-14T20:18:57Z,KOKC,2026-07-20,103.0,79.7
78,2026-07-14T20:18:57Z,KPHL,2026-07-14,90.4,68.0
79,2026-07-14T20:18:57Z,KPHL,2026-07-15,99.8,71.4
80,2026-07-14T20:18:57Z,KPHL,2026-07-16,97.9,73.1
81,2026-07-14T20:18:57Z,KPHL,2026-07-17,92.2,75.2
82,2026-07-14T20:18:57Z,KPHL,2026-07-18,80.3,71.8
83,2026-07-14T20:18:57Z,KPHL,2026-07-19,91.2,72.2
84,2026-07-14T20:18:57Z,KPHL,2026-07-20,93.0,72.0
85,2026-07-14T20:18:57Z,KPHX,2026-07-14,106.8,79.9
86,2026-07-14T20:18:57Z,KPHX,2026-07-15,109.9,86.7
87,2026-07-14T20:18:57Z,KPHX,2026-07-16,97.7,85.1
88,2026-07-14T20:18:57Z,KPHX,2026-07-17,97.5,84.0
89,2026-07-14T20:18:57Z,KPHX,2026-07-18,99.5,87.6
90,2026-07-14T20:18:57Z,KPHX,2026-07-19,101.7,85.5
91,2026-07-14T20:18:57Z,KPHX,2026-07-20,105.3,87.6
92,2026-07-14T20:18:57Z,KSAT,2026-07-14,79.7,72.8
93,2026-07-14T20:18:57Z,KSAT,2026-07-15,76.1,72.4
94,2026-07-14T20:18:57Z,KSAT,2026-07-16,78.2,71.8
95,2026-07-14T20:18:57Z,KSAT,2026-07-17,87.3,70.5
96,2026-07-14T20:18:57Z,KSAT,2026-07-18,90.7,74.3
97,2026-07-14T20:18:57Z,KSAT,2026-07-19,93.9,73.6
98,2026-07-14T20:18:57Z,KSAT,2026-07-20,93.3,73.1
99,2026-07-14T20:18:57Z,KSEA,2026-07-14,81.7,54.8
100,2026-07-14T20:18:57Z,KSEA,2026-07-15,82.6,56.8
101,2026-07-14T20:18:57Z,KSEA,2026-07-16,73.0,60.1
102,2026-07-14T20:18:57Z,KSEA,2026-07-17,84.0,53.0
103,2026-07-14T20:18:57Z,KSEA,2026-07-18,81.3,56.6
104,2026-07-14T20:18:57Z,KSEA,2026-07-19,86.2,57.9
105,2026-07-14T20:18:57Z,KSEA,2026-07-20,93.3,60.7
1,2026-07-14T21:32:19Z,KATL,2026-07-14,85.4,71.2
2,2026-07-14T21:32:19Z,KATL,2026-07-15,85.0,70.7
3,2026-07-14T21:32:19Z,KATL,2026-07-16,92.4,72.2
4,2026-07-14T21:32:19Z,KATL,2026-07-17,92.7,75.4
5,2026-07-14T21:32:19Z,KATL,2026-07-18,93.8,75.3
6,2026-07-14T21:32:19Z,KATL,2026-07-19,94.1,74.7
7,2026-07-14T21:32:19Z,KATL,2026-07-20,95.6,75.5
8,2026-07-14T21:32:19Z,KAUS,2026-07-14,80.6,73.7
9,2026-07-14T21:32:19Z,KAUS,2026-07-15,78.1,73.0
10,2026-07-14T21:32:19Z,KAUS,2026-07-16,79.6,72.3
11,2026-07-14T21:32:19Z,KAUS,2026-07-17,88.0,70.9
12,2026-07-14T21:32:19Z,KAUS,2026-07-18,91.2,73.6
13,2026-07-14T21:32:19Z,KAUS,2026-07-19,95.4,72.1
14,2026-07-14T21:32:19Z,KAUS,2026-07-20,96.3,71.2
15,2026-07-14T21:32:19Z,KBOS,2026-07-14,91.8,70.4
16,2026-07-14T21:32:19Z,KBOS,2026-07-15,90.7,74.9
17,2026-07-14T21:32:19Z,KBOS,2026-07-16,90.0,66.0
18,2026-07-14T21:32:19Z,KBOS,2026-07-17,82.6,65.0
19,2026-07-14T21:32:19Z,KBOS,2026-07-18,71.6,64.2
20,2026-07-14T21:32:19Z,KBOS,2026-07-19,72.0,65.9
21,2026-07-14T21:32:19Z,KBOS,2026-07-20,78.1,65.1
99,2026-07-14T21:32:19Z,KDCA,2026-07-14,92.1,68.1
100,2026-07-14T21:32:19Z,KDCA,2026-07-15,102.4,70.7
101,2026-07-14T21:32:19Z,KDCA,2026-07-16,98.8,78.6
102,2026-07-14T21:32:19Z,KDCA,2026-07-17,92.1,74.1
103,2026-07-14T21:32:19Z,KDCA,2026-07-18,89.5,73.5
104,2026-07-14T21:32:19Z,KDCA,2026-07-19,95.2,72.3
105,2026-07-14T21:32:19Z,KDCA,2026-07-20,96.4,69.5
29,2026-07-14T21:32:19Z,KDEN,2026-07-14,94.6,65.1
30,2026-07-14T21:32:19Z,KDEN,2026-07-15,92.4,67.0
31,2026-07-14T21:32:19Z,KDEN,2026-07-16,94.0,65.6
32,2026-07-14T21:32:19Z,KDEN,2026-07-17,94.4,67.4
33,2026-07-14T21:32:19Z,KDEN,2026-07-18,97.4,65.8
34,2026-07-14T21:32:19Z,KDEN,2026-07-19,101.8,67.0
35,2026-07-14T21:32:19Z,KDEN,2026-07-20,90.8,63.8
22,2026-07-14T21:32:19Z,KDFW,2026-07-14,86.3,74.3
23,2026-07-14T21:32:19Z,KDFW,2026-07-15,84.0,73.1
24,2026-07-14T21:32:19Z,KDFW,2026-07-16,83.6,71.3
25,2026-07-14T21:32:19Z,KDFW,2026-07-17,82.1,73.3
26,2026-07-14T21:32:19Z,KDFW,2026-07-18,95.3,76.0
27,2026-07-14T21:32:19Z,KDFW,2026-07-19,97.8,78.3
28,2026-07-14T21:32:19Z,KDFW,2026-07-20,99.9,79.8
36,2026-07-14T21:32:19Z,KIAH,2026-07-14,80.2,73.3
37,2026-07-14T21:32:19Z,KIAH,2026-07-15,82.0,73.5
38,2026-07-14T21:32:19Z,KIAH,2026-07-16,87.4,73.8
39,2026-07-14T21:32:19Z,KIAH,2026-07-17,89.0,77.8
40,2026-07-14T21:32:19Z,KIAH,2026-07-18,95.8,77.5
41,2026-07-14T21:32:19Z,KIAH,2026-07-19,96.7,77.8
42,2026-07-14T21:32:19Z,KIAH,2026-07-20,97.6,77.6
43,2026-07-14T21:32:19Z,KLAS,2026-07-14,105.0,88.7
44,2026-07-14T21:32:19Z,KLAS,2026-07-15,110.3,83.1
45,2026-07-14T21:32:19Z,KLAS,2026-07-16,107.1,82.5
46,2026-07-14T21:32:19Z,KLAS,2026-07-17,98.1,89.7
47,2026-07-14T21:32:19Z,KLAS,2026-07-18,97.0,86.2
48,2026-07-14T21:32:19Z,KLAS,2026-07-19,102.8,85.3
49,2026-07-14T21:32:19Z,KLAS,2026-07-20,107.2,92.7
50,2026-07-14T21:32:19Z,KMIA,2026-07-14,94.7,77.6
51,2026-07-14T21:32:19Z,KMIA,2026-07-15,93.3,76.8
52,2026-07-14T21:32:19Z,KMIA,2026-07-16,95.1,75.0
53,2026-07-14T21:32:19Z,KMIA,2026-07-17,95.0,84.9
54,2026-07-14T21:32:19Z,KMIA,2026-07-18,92.4,83.8
55,2026-07-14T21:32:19Z,KMIA,2026-07-19,93.0,83.1
56,2026-07-14T21:32:19Z,KMIA,2026-07-20,93.6,83.3
57,2026-07-14T21:32:19Z,KMSP,2026-07-14,94.1,70.9
58,2026-07-14T21:32:19Z,KMSP,2026-07-15,99.7,72.2
59,2026-07-14T21:32:19Z,KMSP,2026-07-16,97.6,71.2
60,2026-07-14T21:32:19Z,KMSP,2026-07-17,98.7,73.8
61,2026-07-14T21:32:19Z,KMSP,2026-07-18,94.2,68.3
62,2026-07-14T21:32:19Z,KMSP,2026-07-19,95.0,72.9
63,2026-07-14T21:32:19Z,KMSP,2026-07-20,85.4,68.0
64,2026-07-14T21:32:19Z,KMSY,2026-07-14,80.1,73.3
65,2026-07-14T21:32:19Z,KMSY,2026-07-15,87.8,71.9
66,2026-07-14T21:32:19Z,KMSY,2026-07-16,96.8,73.3
67,2026-07-14T21:32:19Z,KMSY,2026-07-17,94.4,75.2
68,2026-07-14T21:32:19Z,KMSY,2026-07-18,94.2,75.0
69,2026-07-14T21:32:19Z,KMSY,2026-07-19,95.9,72.6
70,2026-07-14T21:32:19Z,KMSY,2026-07-20,98.1,72.7
71,2026-07-14T21:32:19Z,KPHL,2026-07-14,90.0,68.0
72,2026-07-14T21:32:19Z,KPHL,2026-07-15,99.8,71.5
73,2026-07-14T21:32:19Z,KPHL,2026-07-16,97.9,73.1
74,2026-07-14T21:32:19Z,KPHL,2026-07-17,92.2,75.2
75,2026-07-14T21:32:19Z,KPHL,2026-07-18,80.3,71.8
76,2026-07-14T21:32:19Z,KPHL,2026-07-19,91.2,72.2
77,2026-07-14T21:32:19Z,KPHL,2026-07-20,93.0,72.0
78,2026-07-14T21:32:19Z,KPHX,2026-07-14,106.2,79.9
79,2026-07-14T21:32:19Z,KPHX,2026-07-15,109.9,86.7
80,2026-07-14T21:32:19Z,KPHX,2026-07-16,97.7,85.1
81,2026-07-14T21:32:19Z,KPHX,2026-07-17,97.5,84.0
82,2026-07-14T21:32:19Z,KPHX,2026-07-18,99.5,87.6
83,2026-07-14T21:32:19Z,KPHX,2026-07-19,101.7,85.5
84,2026-07-14T21:32:19Z,KPHX,2026-07-20,105.3,87.6
85,2026-07-14T21:32:19Z,KSAT,2026-07-14,81.1,72.8
86,2026-07-14T21:32:19Z,KSAT,2026-07-15,76.6,72.4
87,2026-07-14T21:32:19Z,KSAT,2026-07-16,78.2,71.8
88,2026-07-14T21:32:19Z,KSAT,2026-07-17,87.3,70.5
89,2026-07-14T21:32:19Z,KSAT,2026-07-18,90.7,74.3
90,2026-07-14T21:32:19Z,KSAT,2026-07-19,93.9,73.6
91,2026-07-14T21:32:19Z,KSAT,2026-07-20,93.3,73.1
92,2026-07-14T21:32:19Z,KSFO,2026-07-14,88.5,59.3
93,2026-07-14T21:32:19Z,KSFO,2026-07-15,72.0,56.8
94,2026-07-14T21:32:19Z,KSFO,2026-07-16,66.7,54.9
95,2026-07-14T21:32:19Z,KSFO,2026-07-17,66.2,56.4
96,2026-07-14T21:32:19Z,KSFO,2026-07-18,70.1,55.9
97,2026-07-14T21:32:19Z,KSFO,2026-07-19,65.1,57.2
98,2026-07-14T21:32:19Z,KSFO,2026-07-20,73.7,58.3
1,2026-07-14T22:33:28Z,KATL,2026-07-14,84.8,71.2
2,2026-07-14T22:33:28Z,KATL,2026-07-15,85.0,70.5
3,2026-07-14T22:33:28Z,KATL,2026-07-16,92.4,72.2
4,2026-07-14T22:33:28Z,KATL,2026-07-17,92.7,75.4
5,2026-07-14T22:33:28Z,KATL,2026-07-18,93.8,75.3
6,2026-07-14T22:33:28Z,KATL,2026-07-19,94.1,74.7
7,2026-07-14T22:33:28Z,KATL,2026-07-20,95.6,75.5
8,2026-07-14T22:33:28Z,KAUS,2026-07-14,79.7,73.7
9,2026-07-14T22:33:28Z,KAUS,2026-07-15,78.1,70.6
10,2026-07-14T22:33:28Z,KAUS,2026-07-16,79.6,72.3
11,2026-07-14T22:33:28Z,KAUS,2026-07-17,88.0,70.9
12,2026-07-14T22:33:28Z,KAUS,2026-07-18,91.2,73.6
13,2026-07-14T22:33:28Z,KAUS,2026-07-19,95.4,72.1
14,2026-07-14T22:33:28Z,KAUS,2026-07-20,96.3,71.2
99,2026-07-14T22:33:28Z,KDCA,2026-07-14,91.1,68.1
100,2026-07-14T22:33:28Z,KDCA,2026-07-15,102.4,71.8
101,2026-07-14T22:33:28Z,KDCA,2026-07-16,98.8,78.6
102,2026-07-14T22:33:28Z,KDCA,2026-07-17,92.1,74.1
103,2026-07-14T22:33:28Z,KDCA,2026-07-18,89.5,73.5
104,2026-07-14T22:33:28Z,KDCA,2026-07-19,95.2,72.3
105,2026-07-14T22:33:28Z,KDCA,2026-07-20,96.4,69.5
29,2026-07-14T22:33:28Z,KDEN,2026-07-14,94.4,65.1
30,2026-07-14T22:33:28Z,KDEN,2026-07-15,92.4,66.7
31,2026-07-14T22:33:28Z,KDEN,2026-07-16,94.0,65.6
32,2026-07-14T22:33:28Z,KDEN,2026-07-17,94.4,67.4
33,2026-07-14T22:33:28Z,KDEN,2026-07-18,97.4,65.8
34,2026-07-14T22:33:28Z,KDEN,2026-07-19,101.8,67.0
35,2026-07-14T22:33:28Z,KDEN,2026-07-20,90.8,63.8
22,2026-07-14T22:33:28Z,KDFW,2026-07-14,86.3,73.0
23,2026-07-14T22:33:28Z,KDFW,2026-07-15,84.0,71.8
24,2026-07-14T22:33:28Z,KDFW,2026-07-16,83.6,71.3
25,2026-07-14T22:33:28Z,KDFW,2026-07-17,82.1,73.3
26,2026-07-14T22:33:28Z,KDFW,2026-07-18,95.3,76.0
27,2026-07-14T22:33:28Z,KDFW,2026-07-19,97.8,78.3
28,2026-07-14T22:33:28Z,KDFW,2026-07-20,99.9,79.8
36,2026-07-14T22:33:28Z,KLAS,2026-07-14,103.7,88.7
37,2026-07-14T22:33:28Z,KLAS,2026-07-15,110.3,82.8
38,2026-07-14T22:33:28Z,KLAS,2026-07-16,107.1,82.5
39,2026-07-14T22:33:28Z,KLAS,2026-07-17,98.1,89.7
40,2026-07-14T22:33:28Z,KLAS,2026-07-18,97.0,86.2
41,2026-07-14T22:33:28Z,KLAS,2026-07-19,102.8,85.3
42,2026-07-14T22:33:28Z,KLAS,2026-07-20,107.2,92.7
43,2026-07-14T22:33:28Z,KLAX,2026-07-14,76.6,65.1
44,2026-07-14T22:33:28Z,KLAX,2026-07-15,81.0,61.6
45,2026-07-14T22:33:28Z,KLAX,2026-07-16,83.6,64.2
46,2026-07-14T22:33:28Z,KLAX,2026-07-17,79.3,69.8
47,2026-07-14T22:33:28Z,KLAX,2026-07-18,79.3,70.8
48,2026-07-14T22:33:28Z,KLAX,2026-07-19,76.7,70.1
49,2026-07-14T22:33:28Z,KLAX,2026-07-20,76.2,68.5
15,2026-07-14T22:33:28Z,KMDW,2026-07-14,98.0,72.8
16,2026-07-14T22:33:28Z,KMDW,2026-07-15,100.3,73.8
17,2026-07-14T22:33:28Z,KMDW,2026-07-16,96.9,76.1
18,2026-07-14T22:33:28Z,KMDW,2026-07-17,88.7,75.8
19,2026-07-14T22:33:28Z,KMDW,2026-07-18,89.8,73.4
20,2026-07-14T22:33:28Z,KMDW,2026-07-19,89.5,69.1
21,2026-07-14T22:33:28Z,KMDW,2026-07-20,92.4,72.3
50,2026-07-14T22:33:28Z,KMIA,2026-07-14,95.3,77.6
51,2026-07-14T22:33:28Z,KMIA,2026-07-15,93.3,75.6
52,2026-07-14T22:33:28Z,KMIA,2026-07-16,95.1,75.0
53,2026-07-14T22:33:28Z,KMIA,2026-07-17,95.0,84.9
54,2026-07-14T22:33:28Z,KMIA,2026-07-18,92.4,83.8
55,2026-07-14T22:33:28Z,KMIA,2026-07-19,93.0,83.1
56,2026-07-14T22:33:28Z,KMIA,2026-07-20,93.6,83.3
57,2026-07-14T22:33:28Z,KNYC,2026-07-14,93.0,70.7
58,2026-07-14T22:33:28Z,KNYC,2026-07-15,101.1,72.5
59,2026-07-14T22:33:28Z,KNYC,2026-07-16,98.8,75.0
60,2026-07-14T22:33:28Z,KNYC,2026-07-17,94.3,76.1
61,2026-07-14T22:33:28Z,KNYC,2026-07-18,81.5,70.0
62,2026-07-14T22:33:28Z,KNYC,2026-07-19,87.2,72.1
63,2026-07-14T22:33:28Z,KNYC,2026-07-20,87.4,72.5
64,2026-07-14T22:33:28Z,KOKC,2026-07-14,91.4,71.4
65,2026-07-14T22:33:28Z,KOKC,2026-07-15,90.5,72.6
66,2026-07-14T22:33:28Z,KOKC,2026-07-16,90.7,70.5
67,2026-07-14T22:33:28Z,KOKC,2026-07-17,90.9,69.6
68,2026-07-14T22:33:28Z,KOKC,2026-07-18,96.1,70.3
69,2026-07-14T22:33:28Z,KOKC,2026-07-19,100.4,75.6
70,2026-07-14T22:33:28Z,KOKC,2026-07-20,103.0,79.7
71,2026-07-14T22:33:28Z,KPHL,2026-07-14,89.4,68.0
72,2026-07-14T22:33:28Z,KPHL,2026-07-15,99.8,71.6
73,2026-07-14T22:33:28Z,KPHL,2026-07-16,97.9,73.1
74,2026-07-14T22:33:28Z,KPHL,2026-07-17,92.2,75.2
75,2026-07-14T22:33:28Z,KPHL,2026-07-18,80.3,71.8
76,2026-07-14T22:33:28Z,KPHL,2026-07-19,91.2,72.2
77,2026-07-14T22:33:28Z,KPHL,2026-07-20,93.0,72.0
78,2026-07-14T22:33:28Z,KPHX,2026-07-14,105.3,79.9
79,2026-07-14T22:33:28Z,KPHX,2026-07-15,109.9,85.0
80,2026-07-14T22:33:28Z,KPHX,2026-07-16,97.7,85.1
81,2026-07-14T22:33:28Z,KPHX,2026-07-17,97.5,84.0
82,2026-07-14T22:33:28Z,KPHX,2026-07-18,99.5,87.6
83,2026-07-14T22:33:28Z,KPHX,2026-07-19,101.7,85.5
84,2026-07-14T22:33:28Z,KPHX,2026-07-20,105.3,87.6
92,2026-07-14T22:33:28Z,KSEA,2026-07-14,82.0,54.8
93,2026-07-14T22:33:28Z,KSEA,2026-07-15,82.6,56.2
94,2026-07-14T22:33:28Z,KSEA,2026-07-16,73.0,60.1
95,2026-07-14T22:33:28Z,KSEA,2026-07-17,84.0,53.0
96,2026-07-14T22:33:28Z,KSEA,2026-07-18,81.3,56.6
97,2026-07-14T22:33:28Z,KSEA,2026-07-19,86.2,57.9
98,2026-07-14T22:33:28Z,KSEA,2026-07-20,93.3,60.7
85,2026-07-14T22:33:28Z,KSFO,2026-07-14,86.1,59.3
86,2026-07-14T22:33:28Z,KSFO,2026-07-15,72.0,56.8
87,2026-07-14T22:33:28Z,KSFO,2026-07-16,66.7,54.9
88,2026-07-14T22:33:28Z,KSFO,2026-07-17,66.2,56.4
89,2026-07-14T22:33:28Z,KSFO,2026-07-18,70.1,55.9
90,2026-07-14T22:33:28Z,KSFO,2026-07-19,65.1,57.2
91,2026-07-14T22:33:28Z,KSFO,2026-07-20,73.7,58.3
1,2026-07-14T23:27:37Z,KATL,2026-07-14,84.8,71.2
2,2026-07-14T23:27:37Z,KATL,2026-07-15,85.0,71.6
3,2026-07-14T23:27:37Z,KATL,2026-07-16,92.4,72.2
4,2026-07-14T23:27:37Z,KATL,2026-07-17,92.7,75.4
5,2026-07-14T23:27:37Z,KATL,2026-07-18,93.8,75.3
6,2026-07-14T23:27:37Z,KATL,2026-07-19,94.1,74.7
7,2026-07-14T23:27:37Z,KATL,2026-07-20,95.6,75.5
8,2026-07-14T23:27:37Z,KAUS,2026-07-14,78.5,73.7
9,2026-07-14T23:27:37Z,KAUS,2026-07-15,78.1,73.0
10,2026-07-14T23:27:37Z,KAUS,2026-07-16,79.6,72.3
11,2026-07-14T23:27:37Z,KAUS,2026-07-17,88.0,70.9
12,2026-07-14T23:27:37Z,KAUS,2026-07-18,91.2,73.6
13,2026-07-14T23:27:37Z,KAUS,2026-07-19,95.4,72.1
14,2026-07-14T23:27:37Z,KAUS,2026-07-20,96.3,71.2
92,2026-07-14T23:27:37Z,KDCA,2026-07-14,91.1,68.1
93,2026-07-14T23:27:37Z,KDCA,2026-07-15,102.4,71.8
94,2026-07-14T23:27:37Z,KDCA,2026-07-16,99.3,78.6
95,2026-07-14T23:27:37Z,KDCA,2026-07-17,96.7,76.9
96,2026-07-14T23:27:37Z,KDCA,2026-07-18,81.8,72.1
97,2026-07-14T23:27:37Z,KDCA,2026-07-19,89.9,70.0
98,2026-07-14T23:27:37Z,KDCA,2026-07-20,96.2,68.9
29,2026-07-14T23:27:37Z,KDEN,2026-07-14,94.4,65.1
30,2026-07-14T23:27:37Z,KDEN,2026-07-15,92.4,66.5
31,2026-07-14T23:27:37Z,KDEN,2026-07-16,94.0,65.6
32,2026-07-14T23:27:37Z,KDEN,2026-07-17,94.4,67.4
33,2026-07-14T23:27:37Z,KDEN,2026-07-18,97.4,65.8
34,2026-07-14T23:27:37Z,KDEN,2026-07-19,101.8,67.0
35,2026-07-14T23:27:37Z,KDEN,2026-07-20,90.8,63.8
22,2026-07-14T23:27:37Z,KDFW,2026-07-14,86.5,75.4
23,2026-07-14T23:27:37Z,KDFW,2026-07-15,84.0,72.3
24,2026-07-14T23:27:37Z,KDFW,2026-07-16,83.6,71.3
25,2026-07-14T23:27:37Z,KDFW,2026-07-17,82.1,73.3
26,2026-07-14T23:27:37Z,KDFW,2026-07-18,95.3,76.0
27,2026-07-14T23:27:37Z,KDFW,2026-07-19,97.8,78.3
28,2026-07-14T23:27:37Z,KDFW,2026-07-20,99.9,79.8
36,2026-07-14T23:27:37Z,KLAS,2026-07-14,103.7,88.7
37,2026-07-14T23:27:37Z,KLAS,2026-07-15,110.3,82.8
38,2026-07-14T23:27:37Z,KLAS,2026-07-16,107.5,82.5
39,2026-07-14T23:27:37Z,KLAS,2026-07-17,99.6,89.7
40,2026-07-14T23:27:37Z,KLAS,2026-07-18,100.6,85.3
41,2026-07-14T23:27:37Z,KLAS,2026-07-19,104.4,90.0
42,2026-07-14T23:27:37Z,KLAS,2026-07-20,106.1,87.9
43,2026-07-14T23:27:37Z,KLAX,2026-07-14,76.6,65.1
44,2026-07-14T23:27:37Z,KLAX,2026-07-15,81.0,61.6
45,2026-07-14T23:27:37Z,KLAX,2026-07-16,84.9,64.2
46,2026-07-14T23:27:37Z,KLAX,2026-07-17,78.4,70.3
47,2026-07-14T23:27:37Z,KLAX,2026-07-18,79.3,70.5
48,2026-07-14T23:27:37Z,KLAX,2026-07-19,78.2,70.8
49,2026-07-14T23:27:37Z,KLAX,2026-07-20,77.1,68.6
15,2026-07-14T23:27:37Z,KMDW,2026-07-14,98.0,72.8
16,2026-07-14T23:27:37Z,KMDW,2026-07-15,100.3,74.1
17,2026-07-14T23:27:37Z,KMDW,2026-07-16,96.9,76.1
18,2026-07-14T23:27:37Z,KMDW,2026-07-17,88.7,75.8
19,2026-07-14T23:27:37Z,KMDW,2026-07-18,89.8,73.4
20,2026-07-14T23:27:37Z,KMDW,2026-07-19,89.5,69.1
21,2026-07-14T23:27:37Z,KMDW,2026-07-20,92.4,72.3
50,2026-07-14T23:27:37Z,KMIA,2026-07-14,95.3,77.6
51,2026-07-14T23:27:37Z,KMIA,2026-07-15,93.3,75.6
52,2026-07-14T23:27:37Z,KMIA,2026-07-16,96.2,75.0
53,2026-07-14T23:27:37Z,KMIA,2026-07-17,96.2,84.3
54,2026-07-14T23:27:37Z,KMIA,2026-07-18,93.0,84.9
55,2026-07-14T23:27:37Z,KMIA,2026-07-19,92.4,83.8
56,2026-07-14T23:27:37Z,KMIA,2026-07-20,91.8,83.7
57,2026-07-14T23:27:37Z,KMSY,2026-07-14,80.1,73.3
58,2026-07-14T23:27:37Z,KMSY,2026-07-15,87.8,71.8
59,2026-07-14T23:27:37Z,KMSY,2026-07-16,93.5,73.3
60,2026-07-14T23:27:37Z,KMSY,2026-07-17,94.1,74.8
61,2026-07-14T23:27:37Z,KMSY,2026-07-18,95.3,74.4
62,2026-07-14T23:27:37Z,KMSY,2026-07-19,95.1,72.5
63,2026-07-14T23:27:37Z,KMSY,2026-07-20,94.9,72.7
64,2026-07-14T23:27:37Z,KNYC,2026-07-14,93.0,70.7
65,2026-07-14T23:27:37Z,KNYC,2026-07-15,101.1,72.5
66,2026-07-14T23:27:37Z,KNYC,2026-07-16,97.2,75.0
67,2026-07-14T23:27:37Z,KNYC,2026-07-17,89.6,74.7
68,2026-07-14T23:27:37Z,KNYC,2026-07-18,79.5,67.1
69,2026-07-14T23:27:37Z,KNYC,2026-07-19,81.1,68.6
70,2026-07-14T23:27:37Z,KNYC,2026-07-20,82.4,71.6
71,2026-07-14T23:27:37Z,KOKC,2026-07-14,91.4,71.4
72,2026-07-14T23:27:37Z,KOKC,2026-07-15,90.5,72.6
73,2026-07-14T23:27:37Z,KOKC,2026-07-16,90.1,70.5
74,2026-07-14T23:27:37Z,KOKC,2026-07-17,91.8,70.3
75,2026-07-14T23:27:37Z,KOKC,2026-07-18,99.0,71.1
76,2026-07-14T23:27:37Z,KOKC,2026-07-19,100.8,76.3
77,2026-07-14T23:27:37Z,KOKC,2026-07-20,103.1,77.7
78,2026-07-14T23:27:37Z,KSAT,2026-07-14,80.6,72.8
79,2026-07-14T23:27:37Z,KSAT,2026-07-15,76.1,72.4
80,2026-07-14T23:27:37Z,KSAT,2026-07-16,78.2,72.7
81,2026-07-14T23:27:37Z,KSAT,2026-07-17,84.2,70.3
82,2026-07-14T23:27:37Z,KSAT,2026-07-18,91.8,72.5
83,2026-07-14T23:27:37Z,KSAT,2026-07-19,94.1,73.6
84,2026-07-14T23:27:37Z,KSAT,2026-07-20,91.8,73.0
85,2026-07-14T23:27:37Z,KSFO,2026-07-14,86.1,59.3
86,2026-07-14T23:27:37Z,KSFO,2026-07-15,72.0,56.8
87,2026-07-14T23:27:37Z,KSFO,2026-07-16,66.9,54.9
88,2026-07-14T23:27:37Z,KSFO,2026-07-17,66.7,56.6
89,2026-07-14T23:27:37Z,KSFO,2026-07-18,69.4,56.1
90,2026-07-14T23:27:37Z,KSFO,2026-07-19,67.6,56.3
91,2026-07-14T23:27:37Z,KSFO,2026-07-20,71.4,57.0
